73
0
1 0 0
0 1 0
0 0 1
0 0 0
47
0.9973559 0.01158324 -0.07174344
-0.01104897 0.9999082 0.007839289
0.07182766 -0.007025869 0.9973923
-0.001910265 -0.00695537 0.04196231
48
0.9974325 0.007481033 -0.07122061
-0.006826332 0.9999322 0.009431552
0.07128634 -0.008921161 0.997416
-0.00207558 -0.007041095 0.04371756
88
0.9988758 0.009013282 -0.04653903
-0.008716643 0.9999404 0.006573013
0.0465955 -0.00615996 0.9988949
-0.008976752 -0.02104448 0.1216368
143
0.9973701 0.008159024 -0.07201684
-0.007833012 0.9999577 0.004808141
0.07205303 -0.004231388 0.9973918
-0.02550438 -0.04696948 0.2619528
149
0.9969801 0.004846376 -0.07750601
-0.004780883 0.999988 0.001030537
0.07751007 -0.0006568778 0.9969913
-0.02754387 -0.04982417 0.2783234
163
0.9966593 0.003533974 -0.0815951
-0.003069658 0.9999784 0.005815234
0.08161388 -0.005545338 0.9966486
-0.03227484 -0.05677417 0.3148038
170
0.9976112 0.00890153 -0.06850223
-0.008705312 0.9999571 0.003162385
0.06852745 -0.002558498 0.997646
-0.03539301 -0.05987011 0.3336999
193
0.9987916 -0.001302105 -0.04912908
0.001802476 0.999947 0.01014189
0.04911327 -0.01021819 0.998741
-0.04384544 -0.07188455 0.4001144
200
0.9992254 -0.004438431 -0.03910025
0.00490331 0.9999183 0.01180157
0.03904467 -0.01198415 0.9991656
-0.04611003 -0.07531507 0.4194404
208
0.9999458 -0.01022477 0.001975244
0.01019228 0.999823 0.01581386
-0.002136588 -0.01579287 0.999873
-0.04927858 -0.07918914 0.4406615
227
0.9905311 -0.03225054 0.1334464
0.032676 0.9994655 -0.0009988177
-0.1333428 0.005349853 0.9910555
-0.05321655 -0.08988258 0.4944757
238
0.9845449 -0.03151904 0.1722729
0.03080603 0.9995022 0.006811491
-0.1724018 -0.001399175 0.9850257
-0.05119961 -0.09620056 0.5294843
248
0.9738532 -0.03938488 0.2237381
0.03853258 0.9992239 0.008175788
-0.2238864 0.0006591876 0.974615
-0.04846629 -0.1023686 0.5614518
281
0.9524223 -0.05490541 0.2997953
0.05026176 0.9984669 0.02318522
-0.3006087 -0.007013885 0.9537218
-0.02771303 -0.1205807 0.6661925
293
0.9600797 -0.05348587 0.2745655
0.05104092 0.9985676 0.01604684
-0.2750305 -0.001392166 0.9614345
-0.01804022 -0.1263843 0.70129
319
0.9086733 -0.07820214 0.4101186
0.07062172 0.9969363 0.03362558
-0.4114916 -0.001591388 0.9114121
-0.0007793605 -0.1376327 0.7705334
345
0.8032902 -0.1192405 0.5835293
0.1029209 0.9928055 0.06119185
-0.5866277 0.01090257 0.8097833
0.02065158 -0.1465347 0.8197864
373
0.5725402 -0.1452769 0.8069029
0.1353122 0.9874233 0.08176715
-0.8086336 0.06236883 0.5849972
0.03717521 -0.149149 0.8447382
387
0.5200976 -0.1548137 0.8399591
0.1460474 0.9850715 0.09112783
-0.8415276 0.07527851 0.5349435
0.05243269 -0.1513479 0.8574488
401
0.4977027 -0.1555964 0.853277
0.1467837 0.9846974 0.09394462
-0.8548371 0.07849064 0.5129256
0.07529667 -0.1528767 0.8724746
428
0.3719616 -0.1726412 0.9120524
0.1563587 0.9801657 0.1217666
-0.9149845 0.09731488 0.391578
0.1226463 -0.1564588 0.9012405
440
0.2657853 -0.1809072 0.9469059
0.1611084 0.9767565 0.1413889
-0.9504747 0.1149754 0.2887532
0.1451497 -0.157815 0.9116739
451
0.1605341 -0.1877249 0.969014
0.1678852 0.9726346 0.1606131
-0.9726476 0.1368993 0.1876572
0.1655395 -0.1593323 0.918735
463
0.02745018 -0.1966816 0.980083
0.1740035 0.9664245 0.1890671
-0.9843624 0.1653479 0.06075181
0.1853277 -0.1604629 0.9245131
475
-0.1184557 -0.1988825 0.9728381
0.1663034 0.9619237 0.2169008
-0.9789338 0.1874794 -0.08087047
0.199792 -0.1608568 0.9260957
491
-0.2913851 -0.1860266 0.9383436
0.1644383 0.9565679 0.2407028
-0.9423665 0.2244368 -0.2481398
0.2144356 -0.1600486 0.9263576
533
-0.6870494 -0.1507116 0.7108088
0.119197 0.9416226 0.3148634
-0.7167672 0.301053 -0.6289769
0.2536576 -0.1572944 0.9148289
541
-0.7604324 -0.138103 0.634563
0.1001841 0.940483 0.3247381
-0.641643 0.3105145 -0.701338
0.2597355 -0.1565239 0.9104846
549
-0.814512 -0.1289566 0.5656328
0.08501808 0.9379238 0.3362601
-0.5738834 0.3219769 -0.7529865
0.2664266 -0.1557369 0.9051642
572
-0.9461038 -0.08399706 0.3127812
0.03758701 0.9307761 0.3636525
-0.321675 0.3558095 -0.8774536
0.2798354 -0.1540446 0.8927745
580
-0.9805473 -0.06197559 0.1862416
0.01068961 0.9305743 0.3659469
-0.1959915 0.3608192 -0.9118097
0.2818443 -0.1541411 0.890443
607
-0.9926786 -0.003446953 -0.1207364
-0.04659886 0.9331367 0.356489
0.1114348 0.3595052 -0.9264655
0.2875049 -0.1509702 0.8742972
633
-0.8963361 0.04485563 -0.4411003
-0.1130936 0.9388301 0.3252813
0.4287089 0.341447 -0.8364345
0.2885046 -0.1450128 0.8560598
643
-0.827833 0.07489181 -0.555953
-0.1264693 0.9406188 0.3150268
0.5465328 0.3311006 -0.7692037
0.286554 -0.1460209 0.8521872
648
-0.7887341 0.09153648 -0.6078813
-0.133902 0.939526 0.315216
0.599974 0.3300181 -0.7287793
0.2853928 -0.1472683 0.850226
675
-0.4918737 0.1324474 -0.8605335
-0.1868313 0.9492821 0.2528982
0.8503848 0.2851686 -0.4421816
0.280926 -0.1409571 0.8349711
688
-0.3335524 0.1386832 -0.932475
-0.195878 0.9573389 0.212448
0.9221576 0.2535139 -0.2921577
0.2805383 -0.1409123 0.8347674
725
0.05754441 0.1535707 -0.9864607
-0.1955728 0.9706871 0.1397065
0.9789994 0.1848855 0.08589187
0.2794888 -0.1407623 0.834397
754
0.194948 0.1414468 -0.9705607
-0.183357 0.9773572 0.105608
0.9635224 0.1573711 0.2164692
0.2783903 -0.1406781 0.8342218
759
0.1946126 0.1398714 -0.9708562
-0.1836445 0.9774743 0.1040125
0.9635355 0.1580503 0.2159155
0.2780884 -0.1406494 0.8341876
770
0.18187 0.1465543 -0.97234
-0.1871033 0.9759234 0.1120979
0.9653578 0.1615407 0.204912
0.2774068 -0.1407373 0.8341675
783
0.1396889 0.1441516 -0.9796466
-0.1903885 0.9747968 0.1162902
0.9717197 0.170269 0.1636131
0.2765146 -0.1407797 0.8341376
806
0.009181486 0.1431515 -0.9896582
-0.1941849 0.9711146 0.1386677
0.980922 0.1909035 0.03671414
0.2747415 -0.1408092 0.8339467
815
-0.04145799 0.1426899 -0.9888988
-0.1963955 0.9692768 0.1480921
0.9796479 0.2003549 -0.01216062
0.2739705 -0.1408131 0.8338147
825
-0.08904061 0.1420427 -0.9858477
-0.1951217 0.9681135 0.1571107
0.9767289 0.2063495 -0.0584858
0.2730869 -0.1408334 0.8336697
834
-0.1287216 0.1377578 -0.982066
-0.1978589 0.9668258 0.1615538
0.971742 0.215106 -0.09719478
0.272251 -0.140822 0.8334737
844
-0.1911675 0.1345493 -0.9722919
-0.1996244 0.9645291 0.1727243
0.9610438 0.2271125 -0.1575273
0.2712651 -0.1408205 0.8332153
854
-0.3099385 0.1249932 -0.9425045
-0.1998976 0.960595 0.1931277
0.9295048 0.2482622 -0.2727395
0.2701397 -0.1407775 0.8328811
864
-0.4417602 0.1250892 -0.8883697
-0.1881836 0.9552813 0.228089
0.8771744 0.2679372 -0.3984655
0.2690091 -0.1407248 0.8324319
875
-0.5591832 0.1121095 -0.821429
-0.1798928 0.9507997 0.2522272
0.8092915 0.2888103 -0.5115036
0.2679076 -0.1406293 0.8318354
885
-0.6527511 0.1037839 -0.7504297
-0.166969 0.9465041 0.2761365
0.7389433 0.305547 -0.600503
0.2670485 -0.1405279 0.831227
896
-0.748299 0.07954107 -0.6585756
-0.1581761 0.9427543 0.2935892
0.6442274 0.3238634 -0.6928806
0.2661732 -0.1403791 0.8304205
906
-0.8310547 0.06617961 -0.5522393
-0.1324207 0.9408013 0.3120218
0.540197 0.3324351 -0.7730939
0.265408 -0.1402091 0.8294815
916
-0.8856589 0.04587936 -0.4620643
-0.1226399 0.936658 0.328072
0.447848 0.3472274 -0.8239329
0.2648033 -0.139985 0.8283913
926
-0.9190624 0.02919578 -0.3930291
-0.1144585 0.9344965 0.3370689
0.3771254 0.3547729 -0.8555189
0.2643059 -0.1397371 0.8272302
936
-0.9471947 0.0166543 -0.3202262
-0.1019232 0.9312226 0.3499089
0.3040294 0.3640703 -0.8803516
0.2638273 -0.1394695 0.8259656
946
-0.9720083 0.001230174 -0.2349433
-0.08670008 0.9275305 0.3635524
0.2183643 0.3737456 -0.9014606
0.2634581 -0.1391581 0.8246049
954
-0.986181 -0.01570331 -0.1649256
-0.07557148 0.9285343 0.3634736
0.1474313 0.3709144 -0.9168895
0.2633117 -0.1389184 0.8235061
963
-0.9953099 -0.03110827 -0.09159883
-0.06265908 0.9287218 0.3654444
0.07370149 0.3694699 -0.9263153
0.2631821 -0.1386514 0.8222463
972
-0.9985551 -0.04413116 -0.03066218
-0.05226014 0.930379 0.362855
0.01251423 0.3639331 -0.931341
0.2631359 -0.1383536 0.8209608
982
-0.9982601 -0.05443538 0.02266229
-0.04256848 0.9312732 0.3618261
-0.04080093 0.3602318 -0.9319701
0.2632376 -0.1380322 0.8195132
992
-0.9960183 -0.06384733 0.06221792
-0.03670637 0.9297146 0.3664472
-0.08124159 0.3627043 -0.9283563
0.2634334 -0.1376631 0.8178076
1002
-0.9922534 -0.07176626 0.1014046
-0.02893744 0.9273261 0.3731337
-0.1208135 0.3673088 -0.9222192
0.263656 -0.1373324 0.8163536
1013
-0.9865203 -0.08597004 0.1392364
-0.02915013 0.9295933 0.3674324
-0.1610214 0.3584208 -0.9195687
0.2639453 -0.1369854 0.8147452
1024
-0.9831551 -0.08515164 0.1617258
-0.0190243 0.9277138 0.3728071
-0.1817804 0.3634505 -0.9137065
0.2643076 -0.1366679 0.8132232
1035
-0.9773572 -0.0885324 0.1921846
-0.01146015 0.9290763 0.3697106
-0.2112855 0.3591369 -0.909054
0.2646908 -0.136333 0.8116716
1047
-0.9705537 -0.0916681 0.2227611
-0.001229863 0.9266351 0.3759599
-0.2408818 0.3646153 -0.8994619
0.2651349 -0.1359555 0.8100255
1058
-0.9726412 -0.08957428 0.2143492
-0.00348783 0.9282023 0.3720595
-0.2322864 0.3611328 -0.9031202
0.2655686 -0.1356725 0.8085557
1069
-0.9785522 -0.09109572 0.1847626
-0.01433512 0.9248481 0.3800664
-0.2054998 0.3692662 -0.906318
0.2660281 -0.1353634 0.8071307
1082
-0.9896975 -0.06983443 0.1249882
-0.01907278 0.929505 0.3683161
-0.1418983 0.3621376 -0.9212607
0.2664867 -0.1349607 0.8050708
1095
-0.9974583 -0.05700528 0.04274725
-0.03690436 0.9265196 0.3744321
-0.06095077 0.3719029 -0.9262685
0.2667434 -0.1347267 0.8038132
1108
-0.9956098 -0.03303756 -0.08757681
-0.06220292 0.9326788 0.3553042
0.06994265 0.3591918 -0.9306391
0.2668447 -0.1345535 0.8030345
