<?xml version="1.0"?>
<opencv_storage>
<ORBkeypoints>
  <_>
    5.1657537841796875e+02 1.9707499694824219e+02 9.2565528869628906e+01
    3.1779141235351562e+02 57. 6 -1</_>
  <_>
    4.7477157592773438e+02 1.9408901977539062e+02 9.2565528869628906e+01
    2.3086668395996094e+02 31. 6 -1</_>
  <_>
    5.0522863769531250e+02 2.8307138061523438e+02 1.1107863616943359e+02
    1.7269037246704102e+01 37. 7 -1</_>
  <_>
    4.6320001220703125e+02 2.6640002441406250e+02 3.7200000762939453e+01
    2.0921600341796875e+02 34. 1 -1</_>
  <_>
    4.3356500244140625e+02 2.8307138061523438e+02 1.1107863616943359e+02
    1.8872038269042969e+02 93. 7 -1</_>
  <_>
    4.8372955322265625e+02 2.7948818969726562e+02 1.1107863616943359e+02
    4.1932872772216797e+01 32. 7 -1</_>
  <_>
    5.0881182861328125e+02 3.3681909179687500e+02 1.1107863616943359e+02
    4.8506122589111328e+01 66. 7 -1</_>
  <_>
    4.7178558349609375e+02 3.3144430541992188e+02 9.2565528869628906e+01
    1.0330524444580078e+02 143. 6 -1</_>
  <_>
    487. 353. 31. 1.0907894134521484e+02 69. 0 -1</_>
  <_>
    4.3718405151367188e+02 3.4387203979492188e+02 5.3568004608154297e+01
    8.6534194946289062e+01 71. 3 -1</_></ORBkeypoints>
<ORBdescriptors type_id="opencv-matrix">
  <rows>10</rows>
  <cols>32</cols>
  <dt>u</dt>
  <data>
    2 201 2 158 20 129 142 226 22 0 88 2 96 232 49 64 88 106 19 195 66
    170 10 253 32 38 142 136 21 27 48 136 2 140 2 152 148 163 170 231 22
    3 88 2 32 234 32 64 121 42 2 144 50 156 0 255 40 38 158 192 148 88
    176 136 2 72 146 156 124 133 184 206 142 8 80 2 172 154 49 72 238 57
    31 1 2 11 2 217 20 20 154 170 20 24 33 137 205 76 255 117 36 46 109
    16 252 186 247 80 211 33 145 123 3 228 108 42 169 244 103 10 198 251
    113 20 96 249 67 33 50 204 66 158 92 1 206 237 149 2 217 2 104 234
    56 64 121 227 31 227 104 43 10 255 48 38 206 152 21 42 240 128 230
    34 162 144 109 244 184 66 233 205 116 19 8 204 119 12 232 41 147 149
    132 231 166 192 27 24 138 203 199 37 127 199 2 76 2 154 148 163 46
    198 28 130 90 2 40 162 33 64 107 107 19 144 32 156 0 254 40 6 158
    128 148 120 49 8 34 209 116 222 109 148 214 156 79 11 252 2 224 25
    189 100 217 66 55 74 138 43 123 189 39 62 146 154 18 91 208 175 32
    201 0 136 20 129 134 229 4 0 80 2 32 8 48 64 72 42 19 65 82 170 0
    189 32 0 142 64 85 24 176 136 2 129 0 140 132 129 140 37 4 0 80 2 32
    10 48 64 72 2 19 129 80 8 0 221 32 32 138 192 20 8 176 8</data></ORBdescriptors>
</opencv_storage>
