84
0
1 0 0
0 1 0
0 0 1
0 0 0
17
0.9998278 -0.0007443677 -0.01854271
0.0008802342 0.9999728 0.007320136
0.01853676 -0.007335198 0.9998013
0.001715471 -0.005993398 0.04438372
18
0.9997749 -0.003360913 -0.02094898
0.003498518 0.9999725 0.006535396
0.02092644 -0.006607214 0.9997592
0.00195932 -0.00673728 0.0471804
19
0.9997367 -0.004143397 -0.0225673
0.004247293 0.9999806 0.004557855
0.02254798 -0.004652506 0.9997349
0.001838719 -0.007001044 0.04889591
20
0.999698 -0.001540873 -0.02452512
0.001694654 0.999979 0.006250776
0.02451497 -0.006290451 0.9996797
0.001884479 -0.007508166 0.05141646
21
0.9996685 -0.0005251299 -0.02574263
0.0007118106 0.9999735 0.007243184
0.02573814 -0.007259107 0.9996424
0.0009884558 -0.008422957 0.05444373
22
0.9996328 -0.00180999 -0.02703552
0.001953141 0.9999842 0.005269445
0.02702556 -0.005320315 0.9996206
-0.0001698252 -0.009085598 0.05644548
23
0.9995756 0.001968256 -0.02906509
-0.001831002 0.9999871 0.004748147
0.02907405 -0.004692914 0.9995663
0.0004991188 -0.007796124 0.05937415
24
0.9994892 0.0007030608 -0.03194977
-0.0005550047 0.9999891 0.004642659
0.03195269 -0.004622555 0.9994787
0.0002995329 -0.008234918 0.06233413
25
0.9993664 -0.003608217 -0.03540948
0.003582303 0.9999933 -0.0007952715
0.03541212 0.0006679201 0.9993725
4.260242e-05 -0.006365623 0.06552492
26
0.9993167 0.002423808 -0.03688265
-0.002348793 0.9999951 0.002077065
0.0368875 -0.001989016 0.9993175
-0.0001681533 -0.009215062 0.0677592
27
0.999171 0.0004450555 -0.0407089
-0.0003504503 0.9999972 0.002331052
0.04070982 -0.002314853 0.9991683
-0.0006542038 -0.008819626 0.07117669
28
0.9990063 -0.0001859809 -0.0445695
0.0002207147 0.9999997 0.0007743969
0.04456935 -0.0007834645 0.999006
-0.0007429337 -0.008812233 0.07408831
29
0.9989033 0.005440517 -0.04650355
-0.005482577 0.9999847 -0.0007769326
0.04649861 0.00103104 0.9989178
-0.001250292 -0.009843755 0.07672527
30
0.9987127 0.004296802 -0.05054096
-0.004350135 0.9999901 -0.0009452934
0.0505364 0.001163937 0.9987215
-0.001575233 -0.009252518 0.08004562
31
0.9984777 0.004806635 -0.05494695
-0.004788747 0.9999884 0.0004572092
0.05494851 -0.0001933862 0.9984891
-0.001094397 -0.0100658 0.08292785
32
0.9982457 0.008146828 -0.05864486
-0.008281588 0.9999636 -0.002055208
0.05862598 0.002537275 0.9982768
-0.001775921 -0.01046003 0.08668599
33
0.9979526 0.006922014 -0.06358268
-0.007021495 0.9999744 -0.001341281
0.06357177 0.00178498 0.9979756
-0.00224875 -0.0113052 0.08907664
34
0.9976231 0.006459094 -0.06860298
-0.006567627 0.9999775 -0.00135661
0.06859268 0.001803944 0.9976431
-0.002124857 -0.01089592 0.09229563
35
0.9971988 0.01024948 -0.07409184
-0.01033768 0.9999462 -0.0008070006
0.07407959 0.001570678 0.9972511
-0.002365619 -0.011389 0.09558342
36
0.996788 0.01121951 -0.07929632
-0.0114081 0.9999331 -0.001925578
0.07926941 0.002824013 0.9968492
-0.002471908 -0.01241153 0.09877829
37
0.9962848 0.01043739 -0.0854843
-0.01071201 0.9999388 -0.002754485
0.08545032 0.00365996 0.9963357
-0.002671627 -0.01292919 0.1017567
38
0.9956866 0.009401401 -0.09230279
-0.009569351 0.9999533 -0.001377129
0.09228554 0.002254466 0.99573
-0.002871709 -0.0133227 0.1044771
39
0.9951329 0.0113119 -0.09789027
-0.01142425 0.9999346 -0.0005871812
0.09787723 0.001702646 0.9951971
-0.00328008 -0.01379555 0.108217
40
0.9943672 0.01106803 -0.1054102
-0.0113363 0.9999338 -0.001946156
0.1053817 0.003130155 0.9944269
-0.003745754 -0.01404401 0.1119075
41
0.9936756 0.0122613 -0.1116168
-0.01254346 0.9999197 -0.001826012
0.1115854 0.003214524 0.9937496
-0.004305691 -0.01457325 0.1139677
42
0.9930336 0.0169372 -0.1166078
-0.01695791 0.9998559 0.0008146286
0.1166048 0.001168471 0.9931777
-0.004785162 -0.01470779 0.117639
43
0.992255 0.01679827 -0.1230765
-0.01720612 0.9998494 -0.002251655
0.1230201 0.004351885 0.9923946
-0.005026286 -0.01571924 0.1204875
44
0.9915298 0.01527566 -0.1289778
-0.01599219 0.9998619 -0.004521505
0.1288909 0.006545844 0.9916372
-0.00535963 -0.01518023 0.1234054
45
0.9906913 0.01809231 -0.1349202
-0.01848996 0.9998276 -0.001694736
0.1348662 0.004173629 0.990855
-0.006039364 -0.01547337 0.1269512
46
0.989669 0.01879983 -0.1421335
-0.0192927 0.9998117 -0.0020903
0.1420674 0.004810844 0.9898453
-0.006193314 -0.01570657 0.1304466
47
0.9887874 0.01978775 -0.1480134
-0.02052405 0.9997834 -0.003448711
0.1479131 0.006447876 0.9889793
-0.006330128 -0.01675084 0.1329822
48
0.9876996 0.02285208 -0.1546846
-0.02352904 0.9997199 -0.002546747
0.1545831 0.006155001 0.9879606
-0.006342697 -0.01781522 0.1364008
49
0.9865693 0.02575953 -0.1612995
-0.02645599 0.9996476 -0.002171199
0.1611867 0.006409375 0.9869031
-0.006942212 -0.01796998 0.1397314
50
0.9857511 0.0253572 -0.1662881
-0.0263625 0.9996451 -0.003840676
0.1661317 0.008169721 0.9860697
-0.008063423 -0.01852365 0.1426249
51
0.9843994 0.02324791 -0.174406
-0.02486206 0.9996659 -0.007075773
0.1741832 0.01130148 0.9846484
-0.00829122 -0.01858221 0.1465969
52
0.9832643 0.02309126 -0.1807157
-0.0245759 0.9996801 -0.005980307
0.1805198 0.01032147 0.9835172
-0.008813497 -0.01927599 0.1498408
53
0.9819138 0.02473306 -0.187706
-0.0259742 0.999654 -0.004155029
0.1875383 0.008955393 0.9822165
-0.009361906 -0.01968692 0.1525881
54
0.9806104 0.02541622 -0.1943125
-0.02713581 0.9996126 -0.006192506
0.1940798 0.01134526 0.9809201
-0.01028783 -0.01931438 0.1557404
55
0.9794528 0.02797542 -0.1997234
-0.02950968 0.9995534 -0.004708587
0.1995025 0.01050561 0.979841
-0.0110161 -0.02136653 0.1578898
56
0.9780462 0.03002258 -0.2062141
-0.03144327 0.999499 -0.003614828
0.2060023 0.01001951 0.9785002
-0.01115288 -0.0212685 0.1609779
57
0.976829 0.0289737 -0.212051
-0.03003187 0.9995474 -0.001770418
0.2119038 0.008097686 0.977257
-0.0121753 -0.02351866 0.1657236
58
0.9756224 0.0298754 -0.2174132
-0.03157142 0.9994921 -0.004330725
0.2171734 0.01108919 0.97607
-0.01337302 -0.023234 0.1680103
59
0.9740667 0.03205035 -0.2239796
-0.03410744 0.999404 -0.005320455
0.2236756 0.01282185 0.9745793
-0.01416956 -0.02253608 0.1715629
60
0.9728885 0.03129977 -0.2291467
-0.03294627 0.9994515 -0.003362209
0.2289158 0.01082058 0.9733861
-0.01545201 -0.02391969 0.1748249
61
0.9711612 0.0353835 -0.2357835
-0.03799692 0.9992564 -0.006548128
0.2353765 0.01531834 0.9717835
-0.01598923 -0.02428768 0.1778155
62
0.9693694 0.03815871 -0.2426249
-0.04167458 0.9990873 -0.009373236
0.2420458 0.01919742 0.9700749
-0.01688788 -0.02347803 0.1814587
63
0.9676016 0.03983815 -0.2493192
-0.04312296 0.9990399 -0.007724817
0.2487721 0.01822593 0.9683905
-0.01761324 -0.02392252 0.1855987
64
0.9658006 0.04023423 -0.2561454
-0.04387069 0.9990011 -0.008496341
0.2555478 0.01944305 0.9666009
-0.0180613 -0.02406307 0.1895238
65
0.9643339 0.04114319 -0.2614716
-0.04413068 0.9990103 -0.005561745
0.260984 0.0169023 0.9651951
-0.01905198 -0.02661402 0.1927367
66
0.9624163 0.04115053 -0.2684428
-0.04411015 0.9990141 -0.005000546
0.2679724 0.01665366 0.9632826
-0.01953625 -0.0267684 0.1961317
67
0.9607443 0.04150357 -0.2743133
-0.04460021 0.9989921 -0.005058642
0.2738269 0.01709449 0.9616271
-0.02092772 -0.02676494 0.1994125
68
0.9594436 0.04278976 -0.2786342
-0.0456703 0.9989492 -0.003851934
0.2781766 0.01642102 0.9603896
-0.02277993 -0.02761051 0.202389
69
0.9575195 0.04542226 -0.2847688
-0.04907542 0.9987788 -0.005702453
0.284162 0.01943536 0.9585792
-0.02309594 -0.02686341 0.2055821
70
0.9561591 0.04579339 -0.2892453
-0.04935144 0.9987689 -0.005015875
0.2886595 0.01907065 0.9572419
-0.0253906 -0.02764861 0.2081194
71
0.954274 0.04753599 -0.2951297
-0.05082982 0.9987012 -0.003494479
0.2945802 0.01833608 0.9554508
-0.02577222 -0.02927784 0.2129699
72
0.9522392 0.04861068 -0.3014589
-0.05242328 0.9986145 -0.00456502
0.3008194 0.02015046 0.9534682
-0.02658467 -0.02944063 0.2180156
73
0.9506148 0.0464242 -0.3068816
-0.04981595 0.9987532 -0.00322423
0.3063493 0.0183526 0.9517422
-0.02685695 -0.03062436 0.2206799
74
0.9497287 0.05136576 -0.3088318
-0.05458336 0.9985076 -0.001781779
0.3082794 0.01854928 0.951115
-0.03021408 -0.03071588 0.2238214
75
0.9470825 0.04989918 -0.317088
-0.05380283 0.9985452 -0.003560925
0.3164491 0.02043272 0.9483894
-0.02920178 -0.02979355 0.2280811
76
0.9451137 0.05189014 -0.3225951
-0.05650165 0.9983903 -0.004940766
0.3218194 0.02289674 0.9465241
-0.02985144 -0.02979807 0.2316999
77
0.9440834 0.05421788 -0.3252183
-0.0575804 0.9983406 -0.0007157916
0.3246398 0.01940196 0.9456387
-0.0316215 -0.03283102 0.2345605
78
0.9423742 0.04841952 -0.3310384
-0.0532287 0.9985673 -0.005471285
0.3302993 0.02277675 0.9436014
-0.03239927 -0.03184089 0.2385657
79
0.9424946 0.05036252 -0.3304051
-0.054727 0.9984937 -0.003914138
0.3297103 0.02177113 0.9438311
-0.03675006 -0.03338122 0.2367106
80
0.9399028 0.0533903 -0.3372419
-0.0570821 0.998369 -0.001033116
0.3366367 0.02022151 0.9414175
-0.03659534 -0.03526771 0.2419276
81
0.9383358 0.05078153 -0.3419754
-0.0545507 0.99851 -0.001406557
0.3413944 0.01997482 0.9397079
-0.03747628 -0.03471218 0.2432513
82
0.9359567 0.05525278 -0.3477532
-0.06015008 0.9981839 -0.003293804
0.3469396 0.02400024 0.9375803
-0.0390069 -0.03596094 0.2501079
83
0.9345759 0.05825264 -0.3509622
-0.06257423 0.9980398 -0.0009742102
0.3502175 0.02287166 0.9363891
-0.04033913 -0.03756632 0.2513219
84
0.9323724 0.05620895 -0.3571026
-0.06010343 0.9981921 0.0001919558
0.3564678 0.02128412 0.9340652
-0.04066744 -0.03829561 0.2560206
85
0.931149 0.05675487 -0.360195
-0.06099503 0.998138 -0.0004060863
0.3595012 0.02234823 0.9328769
-0.04293979 -0.03901117 0.2586965
86
0.9291884 0.05776305 -0.3650648
-0.06192435 0.9980808 0.0003089911
0.364382 0.02231929 0.9309821
-0.04474081 -0.04100756 0.2632084
87
0.9269615 0.05739859 -0.3707394
-0.06321694 0.9979935 -0.003550333
0.3697917 0.02672803 0.9287301
-0.04598596 -0.0393093 0.265773
88
0.9262545 0.05708456 -0.3725507
-0.06182117 0.9980869 -0.0007697911
0.371794 0.02374454 0.9280115
-0.05003203 -0.03959781 0.2679371
89
0.924707 0.06186995 -0.3756183
-0.0659062 0.9978236 0.002106878
0.3749312 0.02280733 0.9267721
-0.05197161 -0.04002193 0.2697071
90
0.9223865 0.06527884 -0.3807122
-0.07037767 0.9975203 0.0005294138
0.3798027 0.02630532 0.9246934
-0.0539353 -0.04126345 0.2749178
91
0.9202188 0.06308865 -0.3862863
-0.06879867 0.9976301 -0.0009596441
0.3853104 0.02745907 0.9223784
-0.05610616 -0.04215213 0.2777216
92
0.9179263 0.06486186 -0.3914132
-0.0718154 0.997413 -0.003135246
0.3901972 0.03098742 0.9202097
-0.05869542 -0.04235834 0.2811388
93
0.912953 0.0713339 -0.4017814
-0.07798764 0.9969543 -0.0002051146
0.400543 0.03152124 0.9157356
-0.05710969 -0.0430289 0.2868297
94
0.9123895 0.0728767 -0.4027832
-0.07838134 0.9969195 0.002825044
0.4017483 0.02899315 0.9152911
-0.06168437 -0.04483136 0.2865387
95
0.9073294 0.07310508 -0.4140156
-0.08070936 0.9967373 -0.0008777854
0.4126006 0.03421137 0.9102694
-0.06162185 -0.0441154 0.2961278
96
0.9024394 0.06994338 -0.4251013
-0.07861543 0.9969009 -0.002867628
0.4235833 0.03600738 0.9051412
-0.06176122 -0.04520335 0.3014123
97
0.8989269 0.06951407 -0.4325486
-0.07823152 0.9969324 -0.002366418
0.4310572 0.03596617 0.9016075
-0.06476601 -0.04540893 0.3070467
98
0.8939401 0.0749665 -0.4418723
-0.08229106 0.9966049 0.002599624
0.440567 0.03403823 0.8970742
-0.06677047 -0.04798141 0.3095742
99
0.889611 0.07904974 -0.449826
-0.08720573 0.9961869 0.002599101
0.4483162 0.03691522 0.8931124
-0.06843547 -0.04825902 0.3119363
