174
0
1 0 0
0 1 0
0 0 1
0 0 0
44
0.998176 0.009910855 -0.05955276
-0.009811891 0.9999499 0.001953986
0.05956915 -0.001366096 0.9982232
-0.003269611 -0.007573657 0.03820964
45
0.9979802 0.01108828 -0.06254978
-0.01078535 0.9999284 0.005178645
0.06260274 -0.004493564 0.9980284
-0.004252665 -0.007887618 0.04047984
46
0.997734 0.01031936 -0.06648605
-0.009978711 0.9999353 0.005453631
0.06653804 -0.004777828 0.9977725
-0.003261809 -0.007788492 0.04230467
47
0.9976317 0.01158737 -0.06779867
-0.01113674 0.9999133 0.007020692
0.06787416 -0.006249009 0.9976743
-0.004722671 -0.009049004 0.04449096
48
0.9975154 0.01349468 -0.06914391
-0.012934 0.9998798 0.008550151
0.06925099 -0.0076346 0.99757
-0.004648762 -0.009084657 0.04634412
49
0.9974587 0.01239263 -0.07016098
-0.01179254 0.9998903 0.008960804
0.07026434 -0.008110655 0.9974954
-0.004120177 -0.008623529 0.04868636
50
0.9975667 0.01165184 -0.06873795
-0.01101973 0.9998935 0.00956799
0.06884211 -0.008787234 0.9975889
-0.005795113 -0.00960951 0.04986622
51
0.9975392 0.00746323 -0.06971268
-0.006728897 0.9999194 0.01076261
0.06978738 -0.01026703 0.9975091
-0.004510405 -0.009488694 0.0524113
52
0.9977029 0.007241067 -0.06735361
-0.006524028 0.9999198 0.01085977
0.06742684 -0.01039541 0.9976701
-0.005525033 -0.009328385 0.05386521
53
0.997952 0.006990164 -0.06358332
-0.006280283 0.9999158 0.01135759
0.06365736 -0.01093501 0.9979119
-0.007385013 -0.009778755 0.05544414
54
0.9979147 0.004216244 -0.06440898
-0.003148999 0.9998562 0.01666236
0.06446997 -0.01642479 0.9977845
-0.006707785 -0.01032788 0.05765517
55
0.9980247 0.009771043 -0.06205855
-0.008829251 0.9998419 0.01543202
0.06219953 -0.0148536 0.9979532
-0.007510123 -0.01072785 0.05859791
56
0.9980651 0.01052852 -0.06127989
-0.009714232 0.9998607 0.0135708
0.06141423 -0.01294926 0.9980283
-0.006884088 -0.01097303 0.06017186
57
0.9982074 0.009517005 -0.05908865
-0.008732708 0.9998705 0.0135173
0.05920965 -0.01297706 0.9981612
-0.007132635 -0.01072641 0.06187577
58
0.9984139 0.009167404 -0.05554919
-0.008495346 0.999888 0.01232252
0.05565594 -0.01183107 0.9983799
-0.008821735 -0.01163974 0.06388731
59
0.9984689 0.004445919 -0.05513659
-0.003657583 0.9998897 0.01439055
0.0551945 -0.01416685 0.9983751
-0.007520263 -0.01203313 0.06560661
60
0.9986594 0.005290159 -0.05149205
-0.004783282 0.999939 0.009962044
0.05154161 -0.009702388 0.9986237
-0.009299544 -0.01230866 0.06716803
61
0.9988383 0.004158269 -0.0480074
-0.003701912 0.9999471 0.009590976
0.04804474 -0.009402115 0.9988009
-0.01033045 -0.01229176 0.06927264
62
0.9989545 0.00765772 -0.04506868
-0.007186299 0.9999179 0.0106128
0.04514625 -0.01027783 0.9989275
-0.008832034 -0.01216801 0.07091469
63
0.9991516 0.01065695 -0.03977908
-0.01028022 0.9999005 0.009663324
0.0398781 -0.009246189 0.9991618
-0.01039137 -0.01234303 0.07272041
64
0.9993271 0.007378496 -0.03593061
-0.007053743 0.9999332 0.009156727
0.03599578 -0.00889712 0.9993123
-0.0104471 -0.01360687 0.07505175
65
0.9994359 0.006758299 -0.03289625
-0.006471679 0.9999402 0.008811527
0.03295383 -0.008593663 0.9994199
-0.009709014 -0.01348913 0.07640711
66
0.9995668 0.005642274 -0.02888497
-0.005390426 0.9999468 0.008789486
0.02893302 -0.008629977 0.9995441
-0.01079494 -0.01479344 0.07817951
67
0.9996448 0.003347198 -0.02644007
-0.003189932 0.999977 0.005987988
0.0264595 -0.005901519 0.9996325
-0.01059743 -0.01474318 0.08068647
68
0.9996948 0.005245591 -0.02413924
-0.0051104 0.9999709 0.005658748
0.02416823 -0.00553366 0.9996926
-0.01096813 -0.01482966 0.08294065
69
0.9997395 0.004923568 -0.02228503
-0.004781274 0.9999679 0.006433965
0.02231599 -0.006325739 0.9997309
-0.01073508 -0.01450069 0.08473171
70
0.9997827 0.007189846 -0.01956523
-0.007068486 0.9999554 0.006264911
0.0196094 -0.006125253 0.9997889
-0.01173389 -0.01517183 0.08680867
71
0.9998211 0.005279868 -0.01816367
-0.005183221 0.9999722 0.005363875
0.01819148 -0.005268769 0.9998206
-0.01219608 -0.01586908 0.08953858
72
0.9998586 0.004572655 -0.01618388
-0.004469544 0.9999695 0.006401648
0.01621266 -0.006328409 0.9998485
-0.01305936 -0.01656726 0.09135485
73
0.9998835 0.005130326 -0.0143777
-0.005042193 0.9999683 0.006159459
0.01440884 -0.006086247 0.9998777
-0.01343337 -0.01786133 0.09341156
74
0.999891 0.003116324 -0.01442899
-0.003067396 0.9999894 0.003411795
0.01443947 -0.003367164 0.9998901
-0.01332397 -0.01713067 0.09564417
75
0.9998829 0.003639342 -0.01486139
-0.003615029 0.9999921 0.001662498
0.01486732 -0.001608579 0.9998882
-0.01266625 -0.016469 0.09843663
76
0.9998816 0.007710326 -0.01331769
-0.007656939 0.9999624 0.004055066
0.01334845 -0.003952613 0.9999031
-0.01353014 -0.01866768 0.1007671
77
0.9998598 0.007451209 -0.01499942
-0.007386233 0.9999631 0.004382641
0.01503152 -0.004271237 0.9998779
-0.01224471 -0.01926005 0.1021377
78
0.9998544 0.004659428 -0.01641273
-0.004631317 0.9999877 0.001750372
0.01642068 -0.001674104 0.9998637
-0.01272962 -0.01863379 0.1055718
79
0.999837 0.003693253 -0.01767234
-0.00363956 0.9999887 0.003069438
0.01768347 -0.003004618 0.9998391
-0.0135779 -0.01939565 0.1084963
80
0.9997728 0.007962684 -0.01977116
-0.007921384 0.9999663 0.002166367
0.01978774 -0.00200926 0.9998022
-0.01288045 -0.02019049 0.1111905
81
0.9997395 0.00709717 -0.02169016
-0.007046739 0.9999723 0.002400628
0.0217066 -0.002247157 0.9997619
-0.01330858 -0.01996336 0.1139372
82
0.9997002 0.004230996 -0.02411536
-0.004137015 0.9999837 0.003945721
0.02413166 -0.003844772 0.9997014
-0.01309001 -0.01981567 0.116381
83
0.9996679 0.005484991 -0.02517904
-0.005417532 0.9999816 0.002746613
0.02519364 -0.002609292 0.9996792
-0.01404742 -0.02160747 0.1200499
84
0.9996259 0.003336061 -0.02714792
-0.003312105 0.9999941 0.0009273387
0.02715086 -0.0008370751 0.999631
-0.01435889 -0.02166 0.1217088
85
0.9995534 0.003411853 -0.02968664
-0.003342693 0.9999916 0.002378959
0.0296945 -0.002278663 0.9995564
-0.01427591 -0.02217822 0.1249612
86
0.9995174 0.006261471 -0.03042649
-0.006022604 0.9999503 0.007935919
0.03047467 -0.007748843 0.9995055
-0.01551889 -0.02434609 0.1285185
87
0.999469 0.006945856 -0.03183291
-0.006754749 0.9999585 0.006107058
0.03187401 -0.005888793 0.9994745
-0.01637368 -0.02475207 0.1309754
88
0.9993852 0.005517234 -0.0346232
-0.00538618 0.999978 0.003877259
0.03464383 -0.003688389 0.9993929
-0.01561141 -0.02424074 0.1331028
89
0.999272 0.003053802 -0.03802842
-0.002847252 0.9999809 0.005484438
0.03804445 -0.005372169 0.9992616
-0.01432107 -0.02436489 0.1358471
90
0.9992426 0.004938563 -0.03859814
-0.004752254 0.9999766 0.004917153
0.03862152 -0.004730001 0.9992427
-0.01615869 -0.02415627 0.1397481
91
0.9991392 0.009391386 -0.04040708
-0.009085302 0.9999287 0.007751973
0.040477 -0.007378189 0.9991533
-0.01634127 -0.02582088 0.1423361
92
0.9990626 0.00638311 -0.04281604
-0.006075016 0.9999548 0.007322014
0.04286084 -0.007055042 0.9990562
-0.01690622 -0.02554421 0.145072
93
0.9989525 0.008120681 -0.04503309
-0.007781287 0.99994 0.007706737
0.04509297 -0.007348249 0.9989558
-0.01647742 -0.02661374 0.1479138
94
0.9989228 0.006849014 -0.04589448
-0.006529787 0.9999534 0.007102006
0.04594098 -0.006794674 0.998921
-0.01813178 -0.02785194 0.150688
95
0.998749 -0.0002683784 -0.0500043
0.0006072029 0.9999769 0.00676084
0.05000133 -0.006782745 0.9987261
-0.01748272 -0.02691053 0.1547745
96
0.9985738 0.0003097525 -0.05338691
0.0002435611 0.9999464 0.0103574
0.05338725 -0.01035563 0.9985202
-0.01618929 -0.02799829 0.1565454
97
0.9984639 0.001327149 -0.05539092
-0.001095102 0.9999905 0.004219407
0.05539599 -0.004152267 0.9984558
-0.01559479 -0.02839576 0.158115
98
0.998454 0.002235929 -0.05554008
-0.001985237 0.9999876 0.004568477
0.0555496 -0.004451154 0.998446
-0.0175366 -0.02938213 0.1611225
99
0.9984357 0.005684894 -0.05562217
-0.00545181 0.9999757 0.004341324
0.0556455 -0.004031291 0.9984425
-0.01883683 -0.02802839 0.165294
100
0.9984056 0.004522991 -0.05626502
-0.004168038 0.9999707 0.006424346
0.05629243 -0.006179589 0.9983952
-0.01882792 -0.0292315 0.167831
101
0.9984112 0.001888495 -0.05631656
-0.001550756 0.9999806 0.006040252
0.05632687 -0.005943322 0.9983947
-0.01935781 -0.03068106 0.1711166
102
0.9983082 -0.0002444809 -0.05814264
0.0006895727 0.9999706 0.007635229
0.05813907 -0.007662405 0.9982791
-0.01851416 -0.03079295 0.1729601
103
0.9982599 -0.000549424 -0.05896467
0.0009342414 0.9999784 0.006498867
0.05895983 -0.006542645 0.9982389
-0.01958773 -0.03144148 0.1761856
104
0.9983475 0.001726694 -0.05744051
-0.001558434 0.9999943 0.002973968
0.05744532 -0.002879536 0.9983445
-0.0228736 -0.03027489 0.180313
105
0.9982555 0.003764368 -0.05892153
-0.003462159 0.9999803 0.005230252
0.05894006 -0.005017132 0.9982489
-0.02193017 -0.03196244 0.183018
106
0.9981931 0.00671217 -0.05971161
-0.006366852 0.9999619 0.005971491
0.05974942 -0.005580526 0.9981978
-0.02143044 -0.03208276 0.1862376
107
0.9980938 0.004724905 -0.06153379
-0.004483685 0.9999817 0.00405762
0.06155184 -0.003773987 0.9980968
-0.02042912 -0.03231228 0.1878172
108
0.998138 0.005007132 -0.06079154
-0.004782104 0.9999812 0.003846556
0.06080966 -0.003548682 0.9981431
-0.02264064 -0.03366392 0.1917835
109
0.9980654 0.005245227 -0.06195216
-0.004977644 0.9999776 0.004472729
0.06197423 -0.0041557 0.9980691
-0.02259207 -0.03449623 0.1945466
110
0.9979946 0.004257684 -0.06315533
-0.003939463 0.9999789 0.005162369
0.06317598 -0.004903219 0.9979904
-0.02281204 -0.03564504 0.1971233
111
0.9979814 0.00164673 -0.06348576
-0.001741598 0.9999974 -0.001439009
0.06348322 0.00154667 0.9979817
-0.02443864 -0.03483695 0.2001699
112
0.9978558 0.004358596 -0.06530576
-0.004210928 0.9999883 0.002398655
0.06531545 -0.002118514 0.9978624
-0.02365668 -0.03559105 0.2039531
113
0.9978441 0.004797594 -0.06545323
-0.004396948 0.9999707 0.006263782
0.06548136 -0.005962483 0.997836
-0.02416941 -0.03670275 0.2055876
114
0.9978327 0.004167261 -0.06567004
-0.003992113 0.9999881 0.002798079
0.06568092 -0.002529852 0.9978375
-0.02453961 -0.03600922 0.2096215
115
0.9979708 0.007869281 -0.06318502
-0.007638665 0.9999633 0.003890587
0.06321332 -0.003400043 0.9979942
-0.02753828 -0.03827356 0.2122432
116
0.9979385 0.007466701 -0.06374198
-0.007247726 0.999967 0.003665876
0.06376725 -0.003196334 0.9979597
-0.02643026 -0.03754627 0.2121358
117
0.9979955 0.006364964 -0.06296367
-0.006172257 0.9999757 0.00325463
0.06298286 -0.002859478 0.9980105
-0.02685719 -0.0381366 0.2152334
118
0.9980663 0.005871842 -0.0618807
-0.005832332 0.9999827 0.0008191066
0.06188443 -0.0004566139 0.9980832
-0.02790099 -0.03850165 0.2198493
119
0.9980922 0.00617554 -0.06143123
-0.006155636 0.9999809 0.0005132454
0.06143323 -0.0001341179 0.9981112
-0.02887617 -0.04025202 0.2230935
120
0.9980125 0.005460341 -0.06277887
-0.005618095 0.9999815 -0.002336604
0.06276495 0.002684658 0.9980247
-0.02778948 -0.0404073 0.22614
121
0.9980288 0.007598536 -0.06229555
-0.007662713 0.9999703 -0.0007913558
0.06228769 0.001267149 0.9980574
-0.02805939 -0.04060003 0.2286019
122
0.9981038 0.005455573 -0.06131071
-0.005542214 0.9999838 -0.001243177
0.06130293 0.001580617 0.998118
-0.0297047 -0.04048249 0.2326438
123
0.9981144 0.006395278 -0.06104741
-0.006501158 0.9999777 -0.001535919
0.06103622 0.001929901 0.9981337
-0.03068768 -0.04140919 0.2362561
124
0.9980603 0.005773376 -0.06198636
-0.005986338 0.9999768 -0.003250453
0.06196616 0.003615219 0.9980717
-0.02984203 -0.04288335 0.2385532
125
0.9980557 0.004544401 -0.06216225
-0.00488249 0.9999741 -0.005288005
0.06213661 0.00558123 0.9980521
-0.02955783 -0.04327188 0.2426006
126
0.9980949 0.005657001 -0.06143814
-0.005775255 0.9999818 -0.001747354
0.06142713 0.002098846 0.9981093
-0.03067274 -0.0442065 0.2436843
127
0.9981026 0.001788898 -0.06154687
-0.001814413 0.9999983 -0.0003586787
0.06154612 0.0004696696 0.9981042
-0.0308653 -0.04403946 0.2463351
128
0.9981341 0.002356421 -0.06101353
-0.002466206 0.9999955 -0.001724114
0.06100919 0.001871369 0.9981354
-0.03033289 -0.04430401 0.2481294
129
0.9982333 0.003864392 -0.05929094
-0.003944276 0.9999915 -0.001230354
0.05928568 0.00146204 0.99824
-0.03244975 -0.04391313 0.2534117
130
0.9982733 0.01125035 -0.05765347
-0.01097453 0.9999268 0.005098483
0.05770661 -0.00445696 0.9983236
-0.03316104 -0.04572275 0.2554691
131
0.9984093 0.01688742 -0.05379291
-0.01651315 0.9998363 0.007394366
0.05390897 -0.006494314 0.9985247
-0.03743286 -0.04708939 0.2620075
132
0.9984016 0.01501649 -0.05448629
-0.01496133 0.999887 0.001420027
0.05450146 -0.0006025698 0.9985135
-0.03584113 -0.04629808 0.2624167
133
0.9984391 0.01033163 -0.05488626
-0.01042664 0.9999446 -0.00144496
0.05486829 0.002014984 0.9984916
-0.03569013 -0.04721818 0.2642468
134
0.9985005 0.009789841 -0.0538607
-0.00973037 0.9999517 0.001366298
0.05387147 -0.0008401648 0.9985476
-0.0363479 -0.04818247 0.2697992
135
0.9984397 0.008617978 -0.05517228
-0.008890502 0.9999495 -0.004695988
0.05512903 0.00517917 0.9984658
-0.0365175 -0.04882749 0.2722051
136
0.9983628 0.01055173 -0.05621735
-0.01084296 0.9999293 -0.004877787
0.05616191 0.005479363 0.9984066
-0.03635616 -0.04845351 0.2736859
137
0.9983608 0.01430049 -0.05541939
-0.01432409 0.9998974 -2.866987e-05
0.05541329 0.0008224551 0.9984632
-0.03771979 -0.04820289 0.2784116
138
0.99833 0.007807266 -0.05723897
-0.007644094 0.9999661 0.00306912
0.05726099 -0.002626454 0.9983558
-0.03655851 -0.0504647 0.2818351
139
0.998302 0.00879026 -0.05758306
-0.008978264 0.9999552 -0.003007032
0.05755405 0.003518922 0.9983362
-0.03626267 -0.04912099 0.2826631
140
0.9983618 0.004896289 -0.05700743
-0.005276219 0.9999648 -0.006515951
0.05697352 0.00680606 0.9983525
-0.0384574 -0.0503646 0.2888078
141
0.9982406 0.00355696 -0.05918711
-0.003820674 0.9999833 -0.004343024
0.05917067 0.004561517 0.9982374
-0.0388051 -0.05092042 0.2929885
142
0.9981708 0.006750815 -0.06007881
-0.006555509 0.9999726 0.003447341
0.06010044 -0.003047188 0.9981877
-0.0393902 -0.05199756 0.2949508
143
0.9981458 0.009856186 -0.06006509
-0.009700006 0.9999488 0.002891203
0.06009051 -0.002303211 0.9981903
-0.03933389 -0.05111806 0.2950589
144
0.9981083 0.009941352 -0.06067091
-0.01000452 0.9999497 -0.0007374006
0.06066053 0.001342989 0.9981576
-0.03877147 -0.05226215 0.298501
145
0.9981251 0.006032438 -0.06090834
-0.006049661 0.9999817 -9.836421e-05
0.06090663 0.0004666546 0.9981434
-0.03962832 -0.05147871 0.3023533
146
0.9981203 0.007392433 -0.0608377
-0.007225255 0.9999695 0.002967462
0.06085778 -0.002522316 0.9981433
-0.03929636 -0.05183975 0.3029488
147
0.9981233 0.007282295 -0.06080197
-0.007381371 0.9999717 -0.001405026
0.06079002 0.001851191 0.9981489
-0.04017321 -0.05280329 0.3056848
148
0.9980956 0.005611667 -0.06142981
-0.005948619 0.9999682 -0.005303647
0.06139809 0.005658969 0.9980973
-0.04086889 -0.05338382 0.3096736
149
0.9980996 0.00815302 -0.06107961
-0.008139922 0.9999667 0.0004632692
0.06108135 3.47944e-05 0.9981328
-0.04186312 -0.05482847 0.3124531
150
0.9980063 0.003906407 -0.06299374
-0.00404555 0.9999896 -0.002081436
0.06298496 0.002332131 0.9980118
-0.04197648 -0.05449577 0.3155829
151
0.9980017 0.003428313 -0.06309386
-0.003679865 0.9999858 -0.003871176
0.06307969 0.004095618 0.9980001
-0.04352696 -0.0543897 0.320971
152
0.9979343 0.003646474 -0.06413848
-0.003678655 0.9999931 -0.0003836458
0.06413664 0.0006187967 0.997941
-0.04412885 -0.05556877 0.3234076
153
0.9977857 0.002883549 -0.06644883
-0.002874278 0.9999958 0.0002351271
0.06644922 -4.361411e-05 0.9977898
-0.0429366 -0.05535477 0.3267691
154
0.997835 0.006357987 -0.06545964
-0.006274744 0.9999792 0.001477185
0.06546767 -0.001063245 0.9978541
-0.04445604 -0.05811558 0.3310368
155
0.9976841 0.005209695 -0.0678181
-0.005200001 0.9999864 0.0003194736
0.06781884 3.392041e-05 0.9976977
-0.04419424 -0.05715365 0.3324483
156
0.9976797 0.004001615 -0.06796427
-0.003899258 0.9999911 0.001638638
0.06797022 -0.001369826 0.9976864
-0.04473478 -0.05897719 0.3362779
157
0.997598 0.00278098 -0.06921344
-0.002776847 0.9999961 0.0001559338
0.06921361 3.663582e-05 0.9976019
-0.04498441 -0.05941754 0.3403559
158
0.9975495 0.003602159 -0.06987138
-0.00358098 0.9999935 0.0004283796
0.06987247 -0.0001771219 0.9975559
-0.0455171 -0.05907228 0.3424936
159
0.9974603 0.004589226 -0.07107677
-0.004446741 0.9999878 0.002162767
0.07108583 -0.001841214 0.9974685
-0.04478694 -0.0597366 0.3441378
160
0.9974467 0.004392731 -0.07127943
-0.00431938 0.99999 0.001183172
0.07128391 -0.0008722679 0.9974557
-0.04476741 -0.05990883 0.3459865
161
0.9974961 0.00400635 -0.07060726
-0.003986998 0.999992 0.0004150032
0.07060836 -0.0001324531 0.9975041
-0.04571683 -0.05984445 0.3511001
162
0.997507 0.003541325 -0.07047781
-0.003378941 0.9999914 0.002423115
0.07048578 -0.002178934 0.9975104
-0.04638394 -0.06098537 0.3541446
163
0.9976109 0.002772463 -0.06902695
-0.002513983 0.9999895 0.003831226
0.06903684 -0.00364854 0.9976074
-0.0483358 -0.06294154 0.3575062
164
0.9976956 0.002736045 -0.067794
-0.00254321 0.9999925 0.002930565
0.06780151 -0.002751397 0.997695
-0.04942058 -0.06397959 0.3612261
165
0.9976014 0.002195516 -0.06918593
-0.001875491 0.9999872 0.004690193
0.06919535 -0.004549185 0.9975927
-0.04688931 -0.06554838 0.3612221
166
0.9977337 0.002397488 -0.06724424
-0.002066406 0.9999854 0.004992703
0.06725523 -0.004842435 0.9977241
-0.04905777 -0.0651259 0.3655488
167
0.9978205 0.0002110463 -0.06598639
2.102593e-05 0.9999938 0.003516257
0.06598672 -0.00350998 0.9978144
-0.05047858 -0.0661662 0.3718696
168
0.9977742 -0.004921404 -0.06650179
0.004898502 0.9999879 -0.0005074306
0.06650348 0.000180542 0.9977862
-0.04753591 -0.06516621 0.3716333
169
0.9979377 0.00115375 -0.06417897
-0.001005005 0.9999967 0.002349888
0.06418146 -0.002280542 0.9979357
-0.04858381 -0.06598617 0.3760177
170
0.9981198 0.001141993 -0.06128215
-0.00101605 0.9999973 0.002086251
0.06128437 -0.002020062 0.9981183
-0.05018176 -0.06692152 0.3782456
171
0.9980996 -0.001305923 -0.06160695
0.001507491 0.9999937 0.003225485
0.06160235 -0.003312227 0.9980953
-0.04861465 -0.06929728 0.3781511
172
0.9982819 0.004572345 -0.05841535
-0.00460007 0.9999894 -0.0003401639
0.05841317 0.0006082942 0.9982923
-0.04867984 -0.06825941 0.3829418
173
0.9983822 0.008606838 -0.0562042
-0.008450623 0.9999598 0.003016493
0.0562279 -0.002536652 0.9984148
-0.04836746 -0.06901598 0.382831
174
0.998449 0.003138921 -0.05558474
-0.003125679 0.9999951 0.0003251529
0.05558549 -0.0001509085 0.9984539
-0.04829361 -0.06765261 0.3870392
175
0.9986646 0.00102048 -0.05165277
-0.001268129 0.9999878 -0.004761937
0.05164728 0.00482108 0.9986538
-0.05255479 -0.06688791 0.3913014
176
0.99866 -0.001019271 -0.05174095
0.0009003071 0.9999969 -0.002322477
0.05174315 0.002272782 0.9986578
-0.05142508 -0.06714033 0.3942373
177
0.9988407 -0.0005779341 -0.04813358
0.0006489076 0.9999987 0.001458897
0.04813268 -0.00148844 0.9988399
-0.05557507 -0.06885051 0.3995126
178
0.998922 -0.00294098 -0.04632531
0.003114052 0.9999884 0.003664289
0.046314 -0.003804598 0.9989197
-0.05896664 -0.07164121 0.4066015
179
0.9989674 -0.000878086 -0.04542454
0.0007992815 0.9999982 -0.001752979
0.045426 0.001714862 0.9989662
-0.05902894 -0.07286264 0.4090229
180
0.9991199 0.004862179 -0.04166168
-0.004884323 0.999988 -0.0004297568
0.04165908 0.0006328677 0.9991317
-0.06138896 -0.07434613 0.4117991
181
0.9990564 0.005520194 -0.04307964
-0.005440886 0.9999833 0.001958006
0.04308973 -0.001721767 0.9990698
-0.05956563 -0.07197992 0.4139252
182
0.9990568 0.002171866 -0.04336723
-0.001948188 0.9999846 0.005199346
0.04337785 -0.005109955 0.9990457
-0.05846699 -0.07244111 0.4140404
183
0.9991459 0.005217941 -0.04099146
-0.005107287 0.999983 0.002803681
0.04100539 -0.002591931 0.9991556
-0.05849817 -0.07260314 0.4179649
184
0.9992593 0.005354178 -0.03810735
-0.005421784 0.9999839 -0.001670985
0.03809779 0.001876357 0.9992722
-0.0610676 -0.07370594 0.4258049
185
0.9992162 -0.001686087 -0.03954853
0.001673385 0.9999985 -0.0003542609
0.03954907 0.0002878033 0.9992176
-0.05901634 -0.07543506 0.4260684
186
0.9992581 -0.002233426 -0.03844872
0.002201095 0.9999972 -0.0008832019
0.03845059 0.0007979173 0.9992602
-0.06027327 -0.07504984 0.4316519
187
0.9993125 -0.0006340499 -0.0370697
0.0007292232 0.9999965 0.002553953
0.03706795 -0.002579229 0.9993094
-0.06008754 -0.07499508 0.4330001
188
0.9992906 0.003308959 -0.03751316
-0.003032614 0.9999679 0.007421135
0.03753651 -0.007302108 0.9992686
-0.05870374 -0.07720465 0.4358159
189
0.9992602 -0.0004027424 -0.03845619
0.0005207745 0.9999952 0.003059295
0.03845477 -0.003077059 0.9992556
-0.05820034 -0.07634552 0.4394257
190
0.999405 0.0002284426 -0.03449053
-0.0001560854 0.9999978 0.002100564
0.03449094 -0.00209393 0.9994028
-0.06165028 -0.07531609 0.4433271
191
0.9994429 0.0006572244 -0.03337
-0.0005156365 0.9999908 0.0042514
0.03337249 -0.004231824 0.9994341
-0.06207906 -0.07665267 0.4462334
192
0.9994708 -0.000650535 -0.03252134
0.0008331471 0.999984 0.005601911
0.03251718 -0.005626041 0.9994553
-0.06231564 -0.07824375 0.4499824
193
0.9994588 -0.005552423 -0.03242385
0.0059466 0.9999095 0.01207325
0.03235388 -0.01225953 0.9994013
-0.06346921 -0.07970893 0.4533152
194
0.9995073 -0.004249396 -0.03109811
0.004591875 0.9999295 0.01094972
0.03104938 -0.01108713 0.9994563
-0.06456814 -0.0793271 0.4599968
195
0.9995635 0.001112683 -0.02952096
-0.0008921595 0.9999716 0.007482183
0.02952845 -0.00745258 0.9995362
-0.06537288 -0.08082382 0.4614941
196
0.9995766 -0.0041037 -0.02880662
0.004332482 0.9999595 0.007884082
0.02877311 -0.008005549 0.9995539
-0.06604226 -0.08045658 0.4647973
197
0.9995407 -0.0007247243 -0.03029709
0.001159803 0.9998964 0.0143453
0.03028356 -0.01437385 0.999438
-0.0620348 -0.08309226 0.4658614
198
0.9995499 -0.00396829 -0.02973647
0.004200882 0.999961 0.007763382
0.0297045 -0.007884807 0.9995276
-0.06319708 -0.08098241 0.4699208
199
0.9995293 -0.007432288 -0.02976416
0.007631429 0.9999492 0.006582648
0.02971372 -0.006806693 0.9995353
-0.0629422 -0.08129477 0.4738771
200
0.999521 -0.005445214 -0.03046735
0.005675681 0.9999559 0.007483031
0.03042526 -0.007652369 0.9995077
-0.06186796 -0.08118465 0.4764173
201
0.9996271 -0.005537436 -0.02673996
0.005794729 0.9999376 0.009554151
0.02668539 -0.009705539 0.9995968
-0.06448208 -0.08355127 0.4796709
202
0.9996102 -0.00809716 -0.02671896
0.00829808 0.9999381 0.007417522
0.02665724 -0.007636347 0.9996155
-0.06291152 -0.0830491 0.4828597
203
0.9996791 -0.006959832 -0.02435586
0.007165688 0.9999393 0.008374949
0.02429609 -0.008546787 0.9996683
-0.06304804 -0.0844484 0.4851709
204
0.9997998 -0.008192956 -0.01825193
0.008361566 0.9999229 0.009180861
0.0181753 -0.009331638 0.9997913
-0.06608509 -0.08550875 0.4894041
205
0.9998448 -0.008811349 -0.01525107
0.008933521 0.9999284 0.007961231
0.01517983 -0.008096241 0.999852
-0.066089 -0.0846409 0.4920184
206
0.9998149 -0.01565892 -0.01118223
0.01580462 0.9997898 0.01306206
0.01097534 -0.01323637 0.9998522
-0.06697143 -0.08440006 0.4933623
207
0.9999237 -0.01112533 -0.005362787
0.01117406 0.9998958 0.009145413
0.005260482 -0.009204639 0.9999438
-0.06838629 -0.08761705 0.4973496
208
0.9999409 -0.01019938 -0.003774442
0.01023952 0.9998896 0.01077137
0.003664164 -0.01080938 0.9999349
-0.06478345 -0.0902915 0.4963723
209
0.9999552 -0.009354883 0.001465616
0.009337223 0.9998888 0.01162515
-0.001574205 -0.01161094 0.9999313
-0.06552581 -0.08787158 0.4944929
210
0.9999812 -0.006139392 -0.000107281
0.006140189 0.9996879 0.02421775
-4.143476e-05 -0.02421796 0.9997067
-0.05718317 -0.09279466 0.4965551
211
0.9998723 -0.01246593 0.009995895
0.01231603 0.9998128 0.01491981
-0.01018001 -0.01479479 0.9998387
-0.06060353 -0.09003896 0.5029191
212
0.9995988 -0.01593878 0.02341469
0.0157048 0.9998252 0.01014288
-0.02357226 -0.009771089 0.9996744
-0.06560577 -0.09116486 0.5104874
213
0.9993623 -0.01837135 0.03061626
0.01798649 0.9997563 0.01279869
-0.03084393 -0.01223985 0.9994493
-0.06519897 -0.09167457 0.5130277
214
0.998931 -0.01639849 0.04322044
0.01580927 0.9997779 0.01393963
-0.04343943 -0.01324144 0.9989683
-0.06998456 -0.09171019 0.5175814
215
0.9987399 -0.01634427 0.04744931
0.01580928 0.9998074 0.01162859
-0.04763023 -0.01086379 0.9988059
-0.06761188 -0.09105527 0.5175103
216
0.9981725 -0.01411967 0.05875584
0.01327616 0.9998035 0.01472181
-0.05895216 -0.01391485 0.9981638
-0.07048883 -0.09428899 0.5232159
