32
0
1 0 0
0 1 0
0 0 1
0 0 0
17
0.9999344 -0.001362665 -0.01137308
0.001453676 0.999967 0.007997878
0.01136181 -0.008013886 0.9999033
-0.00465422 -0.006491576 0.04283068
18
0.999908 -0.003978413 -0.01296469
0.004072192 0.9999657 0.00721509
0.01293554 -0.007267221 0.9998899
-0.004980399 -0.00710167 0.04534944
19
0.9998775 -0.004495108 -0.01499567
0.004571553 0.9999767 0.005067442
0.01497254 -0.005135375 0.9998747
-0.004805546 -0.007329653 0.04722115
20
0.9998808 -0.002336227 -0.01526349
0.00244287 0.9999727 0.006971912
0.01524678 -0.007008368 0.9998592
-0.00642268 -0.007846884 0.04964759
21
0.9998546 -0.001258107 -0.01700598
0.001387558 0.9999701 0.007602441
0.01699591 -0.007624932 0.9998265
-0.006513742 -0.008401012 0.05214611
22
0.9998178 -0.002667291 -0.01889784
0.002779664 0.9999786 0.005922558
0.01888164 -0.005974009 0.9998039
-0.006904298 -0.009336319 0.05448846
23
0.9997941 0.001052136 -0.02026506
-0.0008972861 0.9999703 0.007648807
0.02027251 -0.007629049 0.9997654
-0.006913133 -0.009844427 0.05714009
24
0.999738 -0.0001756944 -0.02288924
0.000345925 0.9999723 0.007433397
0.0228873 -0.007439367 0.9997104
-0.007225594 -0.01021068 0.05998397
25
0.999638 -0.004542718 -0.02651748
0.004633251 0.9999837 0.003353662
0.02650181 -0.00347531 0.9996427
-0.007072392 -0.009771056 0.06267252
26
0.999593 0.001086765 -0.02850801
-0.0009971225 0.9999945 0.00315848
0.02851129 -0.003128768 0.9995885
-0.006833694 -0.009687535 0.06567672
27
0.999507 -0.0004884664 -0.03139517
0.0006405514 0.9999881 0.004834343
0.03139243 -0.00485207 0.9994954
-0.007903472 -0.01065322 0.06826362
28
0.9993799 -0.001342683 -0.03518663
0.001445382 0.9999948 0.002893416
0.03518256 -0.00294248 0.9993766
-0.007975035 -0.01019186 0.07154451
29
0.999304 0.004245745 -0.03706113
-0.004195939 0.9999902 0.00142156
0.03706679 -0.001265065 0.999312
-0.008340918 -0.01117633 0.07399944
30
0.9991543 0.003198144 -0.04099371
-0.003080559 0.9999909 0.002931216
0.04100271 -0.002802453 0.9991551
-0.008846119 -0.01223131 0.07715403
31
0.9990009 0.003760296 -0.04453128
-0.003580094 0.9999851 0.004125702
0.04454613 -0.003962154 0.9989995
-0.009048662 -0.01300734 0.07909764
32
0.9987583 0.006572451 -0.04938368
-0.006574329 0.9999784 0.0001244201
0.04938343 0.0002003989 0.9987799
-0.00828157 -0.01182798 0.08281966
33
0.9985017 0.005148223 -0.05447787
-0.005184422 0.9999864 -0.0005231702
0.05447443 0.0008048225 0.9985148
-0.008764137 -0.01149431 0.08625177
34
0.998212 0.005193723 -0.05954722
-0.005170095 0.9999865 0.0005508693
0.05954928 -0.0002420195 0.9982253
-0.00834471 -0.01218951 0.08953755
35
0.9978768 0.008918698 -0.06451682
-0.008849339 0.9999599 0.001360743
0.06452636 -0.0007869224 0.9979157
-0.009054054 -0.01278282 0.09227786
36
0.997521 0.009552425 -0.06971704
-0.009602243 0.9999538 -0.0003794809
0.0697102 0.00104798 0.9975668
-0.009096903 -0.01297049 0.09560879
37
0.9971347 0.008982276 -0.07511179
-0.00907485 0.9999584 -0.0008912709
0.07510066 0.001570345 0.9971747
-0.009958562 -0.01393318 0.09790289
38
0.9966248 0.008110142 -0.08168965
-0.008079445 0.9999671 0.0007063293
0.08169269 -4.393825e-05 0.9966576
-0.01029929 -0.01459025 0.1012774
39
0.9961881 0.009507978 -0.08671132
-0.009467527 0.9999548 0.0008777482
0.08671575 -5.346054e-05 0.9962331
-0.01094693 -0.01417326 0.1041249
40
0.9955717 0.009557349 -0.09351761
-0.009545985 0.9999543 0.0005688687
0.09351877 0.000326368 0.9956174
-0.01186278 -0.01555842 0.1072335
41
0.9948503 0.01040169 -0.10082
-0.01047395 0.9999451 -0.0001874254
0.1008126 0.001242445 0.9949046
-0.01163469 -0.01524806 0.1105324
42
0.9943857 0.01467385 -0.1047942
-0.01439818 0.9998906 0.00338662
0.1048324 -0.001858761 0.9944882
-0.0124955 -0.01629507 0.113124
43
0.9936356 0.01506359 -0.1116309
-0.01504592 0.9998863 0.001000748
0.1116333 0.0006852106 0.9937493
-0.01265632 -0.01772841 0.1155421
44
0.9931047 0.01380177 -0.1164157
-0.01413757 0.999898 -0.002059258
0.1163754 0.003690894 0.9931985
-0.01384891 -0.01678872 0.1196703
45
0.9922851 0.01629396 -0.1229018
-0.016256 0.999867 0.001311701
0.1229068 0.0006963102 0.992418
-0.01377928 -0.0174318 0.1225133
46
0.991499 0.01695625 -0.1290049
-0.01684662 0.9998562 0.001941039
0.1290192 0.0002487576 0.9916421
-0.01435039 -0.01851168 0.1251758
47
0.9906696 0.01799781 -0.1350916
-0.01823011 0.9998337 -0.000482667
0.1350605 0.002940899 0.990833
-0.01460995 -0.01871426 0.1280277
