801 10 10
115 1 -1
687 0 -1
0.0275815 -0.105886 0.993996 
-0.0404732 -0.993677 -0.104729 
0.9988 -0.0373416 -0.0316926 
1.16664 0.123684 1.92139
-0.0523231 -1 -1
-0.062438 -1 -1
0.0328493 -1 -1
0.0234421 -1 -1
-0.0019854 -1 -1
-0.119956 -1 -1
-0.0189982 -1 -1
0.0120893 -1 -1
-0.0147306 -1 -1
0.0413885 -1 -1
688 0 -1
0.032038 -0.114289 0.992931 
-0.042323 -0.992705 -0.112898 
0.99859 -0.0384068 -0.0366413 
1.11635 0.122206 1.89857
-0.0508792 -1 -1
-0.0516178 -1 -1
0.0369016 -1 -1
0.0221988 -1 -1
-0.00556071 -1 -1
-0.121768 -1 -1
-0.016166 -1 -1
0.00555481 -1 -1
-0.0173416 -1 -1
0.0386265 -1 -1
689 0 -1
-0.000496499 -0.110279 0.993901 
-0.0565 -0.99231 -0.110131 
0.998402 -0.0562101 -0.00573809 
1.12599 0.11719 1.95779
-0.0488096 -1 -1
-0.0417277 -1 -1
0.0419654 -1 -1
0.0255557 -1 -1
0.000448549 -1 -1
-0.122518 -1 -1
-0.0182895 -1 -1
0.0183073 -1 -1
-0.00898289 -1 -1
0.0429754 -1 -1
690 0 -1
0.00995538 -0.148247 0.9889 
-0.0507454 -0.98775 -0.147564 
0.998662 -0.0487131 -0.0173563 
1.08158 0.11782 1.92171
-0.0455294 -1 -1
-0.0368603 -1 -1
0.0432537 -1 -1
0.0167084 -1 -1
0.00235669 -1 -1
-0.124868 -1 -1
-0.0140605 -1 -1
0.0124808 -1 -1
-0.0225283 -1 -1
0.0457809 -1 -1
691 0 -1
-0.0188583 -0.166622 0.985841 
-0.0614263 -0.98396 -0.167479 
0.997933 -0.0637149 0.00832087 
1.0416 0.120681 1.90888
-0.0429885 -1 -1
-0.0441717 -1 -1
0.0468722 -1 -1
0.010848 -1 -1
-0.0300122 -1 -1
-0.143571 -1 -1
-0.0122758 -1 -1
0.0100755 -1 -1
-0.0150776 -1 -1
0.0342 -1 -1
692 0 -1
-0.0495357 -0.147687 0.987793 
-0.0696952 -0.986085 -0.150927 
0.996338 -0.0763206 0.0385533 
1.02095 0.117624 1.92207
-0.0407336 -1 -1
-0.0425856 -1 -1
0.0469222 -1 -1
0.00653697 -1 -1
-0.040638 -1 -1
-0.14036 -1 -1
-0.0111464 -1 -1
0.021347 -1 -1
-0.0118666 -1 -1
0.0245751 -1 -1
693 0 -1
-0.0532041 -0.152923 0.986805 
-0.0999001 -0.982432 -0.157631 
0.993574 -0.106969 0.0369924 
1.00101 0.114471 1.94045
-0.038123 -1 -1
-0.0380568 -1 -1
0.0449407 -1 -1
-0.0217849 -1 -1
-0.0210826 -1 -1
-0.0986888 -1 -1
0.000745627 -1 -1
0.012159 -1 -1
0.00472656 -1 -1
0.0252844 -1 -1
694 0 -1
-0.0642975 -0.129671 0.98947 
-0.0909387 -0.986635 -0.135208 
0.993779 -0.0986747 0.051646 
0.978515 0.115252 1.95486
-0.0222095 -1 -1
0.00723565 -1 -1
0.087498 -1 -1
-0.0202685 -1 -1
0.0224888 -1 -1
-0.120355 -1 -1
-0.00600255 -1 -1
0.0700603 -1 -1
0.0639775 -1 -1
0.0626468 -1 -1
695 0 -1
-0.0636437 -0.117585 0.991021 
-0.101561 -0.987116 -0.123644 
0.992791 -0.108518 0.0508816 
0.95996 0.114758 1.97072
-0.0250241 -1 -1
-0.0383612 -1 -1
0.0453844 -1 -1
0.00735508 -1 -1
-0.0130046 -1 -1
-0.10057 -1 -1
-0.00244708 -1 -1
0.0225613 -1 -1
-0.00649615 -1 -1
0.0310689 -1 -1
696 0 -1
-0.0692104 -0.119965 0.990363 
-0.0879367 -0.988145 -0.125842 
0.993719 -0.0957988 0.0578406 
0.930243 0.114726 1.96833
-0.0240648 -1 -1
-0.0460379 -1 -1
0.0450888 -1 -1
0.01372 -1 -1
-0.00337053 -1 -1
-0.0959842 -1 -1
-0.000543247 -1 -1
0.0222796 -1 -1
0.00157837 -1 -1
0.0311412 -1 -1
697 0 -1
-0.0735797 -0.121574 0.989851 
-0.084253 -0.988236 -0.127638 
0.993724 -0.0927896 0.0624712 
0.915137 0.113833 1.9817
-0.0236206 -1 -1
-0.0501847 -1 -1
0.0419404 -1 -1
0.0115705 -1 -1
0.00119961 -1 -1
-0.0983339 -1 -1
0.00109809 -1 -1
0.0175435 -1 -1
0.0120288 -1 -1
0.0234674 -1 -1
698 0 -1
-0.0835902 -0.121514 0.989064 
-0.0831527 -0.988225 -0.128439 
0.993025 -0.0929796 0.0725017 
0.894495 0.106134 1.98864
-0.0314594 -1 -1
-0.0405477 -1 -1
0.0493687 -1 -1
0.027497 -1 -1
-0.00623242 -1 -1
-0.0958186 -1 -1
7.57641e-05 -1 -1
0.0140717 -1 -1
-0.00127561 -1 -1
0.0401762 -1 -1
699 0 -1
-0.0837177 -0.119869 0.989254 
-0.0859029 -0.988175 -0.127008 
0.99278 -0.0956126 0.0724306 
0.879917 0.104952 2.01434
-0.0277585 -1 -1
-0.0450822 -1 -1
0.0486175 -1 -1
0.029031 -1 -1
0.00517154 -1 -1
-0.0973442 -1 -1
-1.95035e-05 -1 -1
0.0190065 -1 -1
0.0101851 -1 -1
0.0393593 -1 -1
700 0 -1
-0.0991641 -0.12253 0.987498 
-0.0866481 -0.987557 -0.131238 
0.991291 -0.0985789 0.0873132 
0.864178 0.106271 2.02472
-0.0311799 -1 -1
-0.0369623 -1 -1
0.0534747 -1 -1
0.0194697 -1 -1
0.00356947 -1 -1
-0.10152 -1 -1
0.00379424 -1 -1
0.00957836 -1 -1
0.00530534 -1 -1
0.0379855 -1 -1
701 0 -1
-0.0972366 -0.121139 0.987861 
-0.0769781 -0.988676 -0.128816 
0.99228 -0.0885694 0.0868104 
0.837486 0.105251 2.02206
-0.02776 -1 -1
-0.0501899 -1 -1
0.0507445 -1 -1
0.0248273 -1 -1
-0.000933907 -1 -1
-0.106756 -1 -1
-0.000665038 -1 -1
0.00539251 -1 -1
0.00879913 -1 -1
0.0312244 -1 -1
702 0 -1
-0.113492 -0.123692 0.985809 
-0.0678071 -0.988942 -0.131891 
0.991222 -0.0818134 0.10385 
0.830012 0.103309 2.0482
-0.0292897 -1 -1
-0.0547764 -1 -1
0.0503953 -1 -1
0.0214461 -1 -1
0.0147898 -1 -1
-0.0982847 -1 -1
-0.00037163 -1 -1
0.00917891 -1 -1
0.0155949 -1 -1
0.0422346 -1 -1
703 0 -1
-0.133466 -0.127834 0.982774 
-0.0647455 -0.988403 -0.137358 
0.988936 -0.0819629 0.123641 
0.807858 0.0994449 2.05187
-0.032219 -1 -1
-0.0449091 -1 -1
0.055086 -1 -1
0.0350634 -1 -1
0.00991289 -1 -1
-0.0959263 -1 -1
0.00530258 -1 -1
0.0116086 -1 -1
0.00479925 -1 -1
0.0386397 -1 -1
704 0 -1
-0.129901 -0.13451 0.982361 
-0.0808538 -0.986019 -0.145703 
0.988225 -0.0983545 0.117209 
0.777184 0.0994967 2.04738
-0.028893 -1 -1
-0.0406539 -1 -1
0.0597506 -1 -1
0.0412047 -1 -1
0.00858734 -1 -1
-0.0945484 -1 -1
0.000645607 -1 -1
0.0224666 -1 -1
0.0102485 -1 -1
0.0351886 -1 -1
705 0 -1
-0.141082 -0.140004 0.980048 
-0.0777671 -0.985324 -0.151953 
0.986939 -0.0976532 0.128123 
0.764411 0.0970127 2.05941
-0.0317936 -1 -1
-0.050276 -1 -1
0.0588931 -1 -1
0.0319734 -1 -1
0.0168167 -1 -1
-0.0896282 -1 -1
1.32245e-05 -1 -1
0.0121718 -1 -1
0.0203785 -1 -1
0.032369 -1 -1
706 0 -1
-0.157523 -0.117242 0.980531 
-0.080876 -0.98806 -0.131135 
0.984198 -0.0999581 0.14616 
0.744892 0.102298 2.06689
-0.0376004 -1 -1
-0.0332755 -1 -1
0.0595613 -1 -1
0.0317506 -1 -1
0.0112314 -1 -1
-0.0913795 -1 -1
0.00963025 -1 -1
0.00885902 -1 -1
0.0085861 -1 -1
0.0404771 -1 -1
707 0 -1
-0.163433 -0.125579 0.978529 
-0.0798041 -0.986932 -0.139986 
0.983321 -0.100969 0.151276 
0.731133 0.104523 2.08473
-0.0384354 -1 -1
-0.0349263 -1 -1
0.0596399 -1 -1
0.0275717 -1 -1
0.0127754 -1 -1
-0.0915841 -1 -1
0.00957737 -1 -1
0.00855478 -1 -1
0.0157829 -1 -1
0.0371315 -1 -1
708 0 -1
-0.165255 -0.126356 0.978123 
-0.080577 -0.986714 -0.141079 
0.982954 -0.102128 0.152878 
0.723162 0.101451 2.10243
-0.0328042 -1 -1
-0.0412548 -1 -1
0.0592858 -1 -1
0.0320285 -1 -1
0.00787227 -1 -1
-0.094719 -1 -1
0.00479233 -1 -1
0.000236051 -1 -1
0.0125487 -1 -1
0.0300929 -1 -1
709 0 -1
-0.174847 -0.129484 0.976044 
-0.0904769 -0.985008 -0.146881 
0.98043 -0.113991 0.160511 
0.681777 0.0949245 2.05128
-0.0447412 -1 -1
-0.0291358 -1 -1
0.0564365 -1 -1
0.0330695 -1 -1
0.00230127 -1 -1
-0.089611 -1 -1
0.0138892 -1 -1
0.00969623 -1 -1
0.00898848 -1 -1
0.0346302 -1 -1
710 0 -1
-0.189026 -0.137343 0.97232 
-0.0802059 -0.984703 -0.154684 
0.978691 -0.107225 0.175118 
0.675153 0.0944534 2.08032
-0.0429916 -1 -1
-0.0347192 -1 -1
0.0577743 -1 -1
0.0415539 -1 -1
0.000428774 -1 -1
-0.0945257 -1 -1
0.0127412 -1 -1
0.00671544 -1 -1
0.0116607 -1 -1
0.0290878 -1 -1
711 0 -1
-0.194711 -0.141577 0.970589 
-0.0800013 -0.983939 -0.159574 
0.977593 -0.108719 0.180257 
0.666929 0.0953141 2.10175
-0.0424579 -1 -1
-0.0324142 -1 -1
0.0602617 -1 -1
0.0437152 -1 -1
0.00132924 -1 -1
-0.0966034 -1 -1
0.0121719 -1 -1
0.011802 -1 -1
0.0164782 -1 -1
0.0308271 -1 -1
712 0 -1
-0.213493 -0.139299 0.966963 
-0.0791008 -0.984068 -0.159228 
0.973737 -0.110481 0.199073 
0.645828 0.102757 2.11965
-0.0385016 -1 -1
-0.0361433 -1 -1
0.0619229 -1 -1
0.0573655 -1 -1
-0.00344684 -1 -1
-0.100577 -1 -1
0.00741397 -1 -1
0.0155589 -1 -1
0.0235003 -1 -1
0.0272338 -1 -1
713 0 -1
-0.216398 -0.134244 0.967032 
-0.0834185 -0.984337 -0.155313 
0.972735 -0.114278 0.20181 
0.629593 0.0972905 2.11887
-0.0428851 -1 -1
-0.0375456 -1 -1
0.0564102 -1 -1
0.0397981 -1 -1
0.00316356 -1 -1
-0.0940811 -1 -1
0.0112415 -1 -1
0.00857837 -1 -1
0.00815508 -1 -1
0.0316288 -1 -1
714 0 -1
-0.220726 -0.137888 0.96554 
-0.0782702 -0.984259 -0.158454 
0.97219 -0.110548 0.206459 
0.601795 0.0906709 2.10334
-0.0450551 -1 -1
-0.0362423 -1 -1
0.0601969 -1 -1
0.0469357 -1 -1
-0.00531347 -1 -1
-0.0958141 -1 -1
0.00961925 -1 -1
0.0112689 -1 -1
0.0210299 -1 -1
0.0217977 -1 -1
715 0 -1
-0.231646 -0.137846 0.962984 
-0.0832823 -0.983465 -0.160811 
0.969229 -0.117451 0.216336 
0.594191 0.0851618 2.14838
-0.0537025 -1 -1
-0.0544654 -1 -1
0.0595211 -1 -1
0.0382075 -1 -1
0.0119252 -1 -1
-0.0848106 -1 -1
-0.000913543 -1 -1
0.00271438 -1 -1
0.0171991 -1 -1
0.0299954 -1 -1
716 0 -1
-0.242731 -0.139281 0.960043 
-0.0814169 -0.983223 -0.163229 
0.966671 -0.117784 0.227319 
0.572804 0.0851165 2.15183
-0.0562115 -1 -1
-0.0314232 -1 -1
0.0544191 -1 -1
0.0565905 -1 -1
-0.00814738 -1 -1
-0.0995588 -1 -1
0.0160498 -1 -1
0.00310007 -1 -1
0.0153444 -1 -1
0.0274047 -1 -1
717 0 -1
-0.262429 -0.141535 0.954515 
-0.0767387 -0.982991 -0.166856 
0.961895 -0.117036 0.247104 
0.541996 0.0855347 2.13543
-0.0602959 -1 -1
-0.0434902 -1 -1
0.0426273 -1 -1
0.0616773 -1 -1
-0.0262704 -1 -1
-0.0951272 -1 -1
0.00869584 -1 -1
0.0108245 -1 -1
0.0288761 -1 -1
0.00517328 -1 -1
718 0 -1
-0.270064 -0.134681 0.953376 
-0.0772261 -0.983949 -0.160876 
0.95974 -0.117072 0.255328 
0.532141 0.0828061 2.16654
-0.0635524 -1 -1
-0.0507951 -1 -1
0.0495463 -1 -1
0.0617711 -1 -1
-0.0330443 -1 -1
-0.111379 -1 -1
0.0156789 -1 -1
0.00655769 -1 -1
0.0163002 -1 -1
0.006476 -1 -1
719 0 -1
-0.293697 -0.132661 0.946648 
-0.0880489 -0.982359 -0.164982 
0.951835 -0.131806 0.276835 
0.504483 0.08153 2.14629
-0.0678205 -1 -1
-0.0393345 -1 -1
0.0496372 -1 -1
0.0589269 -1 -1
-0.0178915 -1 -1
-0.103678 -1 -1
0.0210503 -1 -1
0.0139586 -1 -1
0.0194403 -1 -1
0.0227942 -1 -1
720 0 -1
-0.30229 -0.141612 0.942638 
-0.0918846 -0.979969 -0.176686 
0.948777 -0.140024 0.283222 
0.47414 0.0785089 2.1402
-0.0745757 -1 -1
-0.0407594 -1 -1
0.0499966 -1 -1
0.0465982 -1 -1
-0.0101095 -1 -1
-0.0979186 -1 -1
0.0204133 -1 -1
0.0107043 -1 -1
0.0228006 -1 -1
0.0270455 -1 -1
721 0 -1
-0.300341 -0.131281 0.944754 
-0.105159 -0.979888 -0.169593 
0.948017 -0.150285 0.280495 
0.459175 0.0696575 2.16241
-0.065805 -1 -1
-0.0395324 -1 -1
0.0631636 -1 -1
0.0277675 -1 -1
-0.00196446 -1 -1
-0.0942457 -1 -1
0.00875244 -1 -1
0.000756869 -1 -1
0.00163733 -1 -1
0.0231859 -1 -1
722 0 -1
-0.322018 -0.132607 0.937401 
-0.073049 -0.98371 -0.164252 
0.943911 -0.121368 0.307085 
0.424451 0.0791056 2.11714
-0.0711188 -1 -1
-0.0436036 -1 -1
0.0617418 -1 -1
0.0488904 -1 -1
-0.0048994 -1 -1
-0.0987433 -1 -1
0.00786346 -1 -1
-0.000118895 -1 -1
0.0185534 -1 -1
0.0401338 -1 -1
723 0 -1
-0.345047 -0.13471 0.928868 
-0.0570817 -0.984803 -0.164027 
0.936848 -0.109618 0.332114 
0.411534 0.078051 2.14501
-0.0638365 -1 -1
-0.0563563 -1 -1
0.058313 -1 -1
0.0599544 -1 -1
-0.011613 -1 -1
-0.119913 -1 -1
-3.87483e-05 -1 -1
0.00970678 -1 -1
-0.00575937 -1 -1
0.0351281 -1 -1
724 0 -1
-0.342949 -0.15307 0.926799 
-0.0488088 -0.982397 -0.180314 
0.938085 -0.107074 0.329441 
0.387828 0.0825201 2.14043
-0.0616036 -1 -1
-0.0679365 -1 -1
0.0577653 -1 -1
0.0549764 -1 -1
-0.0178875 -1 -1
-0.107918 -1 -1
0.0127702 -1 -1
0.00861403 -1 -1
0.00523976 -1 -1
0.0396813 -1 -1
725 0 -1
-0.340378 -0.132182 0.930951 
-0.0732649 -0.983332 -0.166407 
0.93743 -0.124847 0.325021 
0.371074 0.0808654 2.17603
-0.0556387 -1 -1
-0.0717712 -1 -1
0.058601 -1 -1
0.0591516 -1 -1
-0.01806 -1 -1
-0.108701 -1 -1
0.00375346 -1 -1
0.00841561 -1 -1
-0.000695575 -1 -1
0.0397021 -1 -1
726 0 -1
-0.366237 -0.125413 0.922031 
-0.0808444 -0.982841 -0.165796 
0.927003 -0.135262 0.349814 
0.346895 0.0840941 2.17388
-0.0617616 -1 -1
-0.0452059 -1 -1
0.054529 -1 -1
0.0729195 -1 -1
-0.00279444 -1 -1
-0.109652 -1 -1
0.0101982 -1 -1
0.0220637 -1 -1
0.00993849 -1 -1
0.0436226 -1 -1
727 0 -1
-0.380586 -0.121533 0.916725 
-0.0765358 -0.983786 -0.162198 
0.921573 -0.131893 0.365113 
0.323688 0.0800884 2.15917
-0.0656328 -1 -1
-0.0370976 -1 -1
0.0535803 -1 -1
0.0650146 -1 -1
-0.00662815 -1 -1
-0.112634 -1 -1
0.0162685 -1 -1
0.0208572 -1 -1
0.0182621 -1 -1
0.0390237 -1 -1
728 0 -1
-0.388735 -0.127217 0.912525 
-0.0766372 -0.982525 -0.169624 
0.918157 -0.135872 0.372192 
0.300536 0.0788976 2.13058
-0.0666222 -1 -1
-0.0416105 -1 -1
0.0510401 -1 -1
0.0575884 -1 -1
-0.0089378 -1 -1
-0.109008 -1 -1
0.0157532 -1 -1
0.0169964 -1 -1
0.0180053 -1 -1
0.038076 -1 -1
729 0 -1
-0.400612 -0.128263 0.907226 
-0.0745562 -0.982306 -0.171801 
0.913209 -0.136465 0.383961 
0.284915 0.0855728 2.13567
-0.0515367 -1 -1
-0.0566956 -1 -1
0.048191 -1 -1
0.057056 -1 -1
-0.00221397 -1 -1
-0.121238 -1 -1
-0.00292486 -1 -1
0.0120985 -1 -1
-0.0116445 -1 -1
0.033792 -1 -1
730 0 -1
-0.39645 -0.124123 0.909627 
-0.0730224 -0.983415 -0.166017 
0.915148 -0.132241 0.380811 
0.256663 0.0855896 2.1089
-0.0507153 -1 -1
-0.0481984 -1 -1
0.0528612 -1 -1
0.0517367 -1 -1
-0.0193592 -1 -1
-0.129378 -1 -1
0.00502694 -1 -1
0.0119744 -1 -1
0.00163721 -1 -1
0.0293494 -1 -1
731 0 -1
-0.416738 -0.122061 0.900795 
-0.0766072 -0.982703 -0.168601 
0.905793 -0.13927 0.400179 
0.241388 0.083011 2.09578
-0.0548265 -1 -1
-0.0357939 -1 -1
0.0554741 -1 -1
0.0464458 -1 -1
-0.00241886 -1 -1
-0.125923 -1 -1
0.00910183 -1 -1
0.0254576 -1 -1
0.0180144 -1 -1
0.0330363 -1 -1
732 0 -1
-0.412114 -0.119514 0.90326 
-0.0891663 -0.981311 -0.170523 
0.906759 -0.150815 0.393756 
0.217629 0.080997 2.07177
-0.0652033 -1 -1
-0.0302386 -1 -1
0.0538729 -1 -1
0.0251685 -1 -1
5.56002e-05 -1 -1
-0.120179 -1 -1
0.0129969 -1 -1
0.0166288 -1 -1
0.0137261 -1 -1
0.0418476 -1 -1
733 0 -1
-0.426817 -0.117124 0.896722 
-0.091794 -0.980845 -0.171803 
0.899667 -0.155642 0.40789 
0.198553 0.0813303 2.07493
-0.0629193 -1 -1
-0.0309986 -1 -1
0.0575783 -1 -1
0.0366493 -1 -1
-0.00785574 -1 -1
-0.120384 -1 -1
0.0103688 -1 -1
0.0293545 -1 -1
0.0306897 -1 -1
0.0303797 -1 -1
734 0 -1
-0.449557 -0.12052 0.885084 
-0.091083 -0.979507 -0.179641 
0.888596 -0.161375 0.429367 
0.182669 0.075621 2.06918
-0.0613893 -1 -1
-0.0373573 -1 -1
0.0519183 -1 -1
0.030253 -1 -1
-0.0184946 -1 -1
-0.121896 -1 -1
0.0114588 -1 -1
0.0131824 -1 -1
0.0187175 -1 -1
0.0291543 -1 -1
735 0 -1
-0.465982 -0.128341 0.875437 
-0.0785698 -0.979513 -0.18542 
0.881299 -0.155185 0.446352 
0.168664 0.0835259 2.07111
-0.0606306 -1 -1
-0.0366372 -1 -1
0.0521944 -1 -1
0.0311278 -1 -1
-0.0199369 -1 -1
-0.12443 -1 -1
0.0113557 -1 -1
0.0146096 -1 -1
0.0198053 -1 -1
0.0327425 -1 -1
736 0 -1
-0.489183 -0.123848 0.863344 
-0.0802953 -0.979268 -0.185974 
0.868477 -0.160298 0.469097 
0.149638 0.0854782 2.0858
-0.0562741 -1 -1
-0.0421595 -1 -1
0.0573983 -1 -1
0.03671 -1 -1
-0.0219814 -1 -1
-0.124354 -1 -1
-0.000331053 -1 -1
0.0180688 -1 -1
0.00561982 -1 -1
0.046109 -1 -1
737 0 -1
-0.495264 -0.131909 0.85867 
-0.0608734 -0.980706 -0.185767 
0.866607 -0.144274 0.477679 
0.137028 0.0913637 2.09718
-0.030259 -1 -1
-0.0565706 -1 -1
0.0633316 -1 -1
0.0220684 -1 -1
-0.0272696 -1 -1
-0.126805 -1 -1
-0.012628 -1 -1
0.0220503 -1 -1
-0.0052184 -1 -1
0.0340309 -1 -1
738 0 -1
-0.506217 -0.118359 0.854245 
-0.0735693 -0.981 -0.179517 
0.859262 -0.153721 0.487892 
0.12154 0.0911899 2.08072
-0.0437144 -1 -1
-0.0332987 -1 -1
0.0634185 -1 -1
0.0287647 -1 -1
-0.0135674 -1 -1
-0.12172 -1 -1
-0.00227252 -1 -1
0.039584 -1 -1
-0.0025511 -1 -1
0.0401135 -1 -1
739 0 -1
-0.508697 -0.121741 0.852295 
-0.0700888 -0.98081 -0.181931 
0.858088 -0.152284 0.490402 
0.105509 0.0906912 2.06586
-0.0366324 -1 -1
-0.0436859 -1 -1
0.0689655 -1 -1
0.0128924 -1 -1
-0.0102192 -1 -1
-0.116021 -1 -1
-0.0141326 -1 -1
0.0317514 -1 -1
-0.000244434 -1 -1
0.0445624 -1 -1
740 0 -1
-0.505813 -0.123139 0.853809 
-0.0792568 -0.978939 -0.188139 
0.858995 -0.162833 0.4854 
0.0885533 0.0974943 2.05165
-0.0474192 -1 -1
-0.036754 -1 -1
0.0619554 -1 -1
0.00730884 -1 -1
-0.0112484 -1 -1
-0.115383 -1 -1
-0.00156112 -1 -1
0.0257157 -1 -1
-0.00939793 -1 -1
0.0409772 -1 -1
741 0 -1
-0.516162 -0.11932 0.848139 
-0.0737314 -0.980382 -0.182796 
0.853312 -0.156887 0.497238 
0.0750752 0.0965458 2.04788
-0.0374698 -1 -1
-0.0278008 -1 -1
0.070125 -1 -1
0.0196026 -1 -1
-0.0207258 -1 -1
-0.131514 -1 -1
-0.00714273 -1 -1
0.0313893 -1 -1
0.0109747 -1 -1
0.0299143 -1 -1
742 0 -1
-0.531834 -0.124266 0.837682 
-0.0627934 -0.980665 -0.185344 
0.844518 -0.151173 0.513748 
0.0690869 0.0979553 2.04729
-0.0318927 -1 -1
-0.029487 -1 -1
0.0647822 -1 -1
0.0112261 -1 -1
-0.0213668 -1 -1
-0.130555 -1 -1
-0.00394198 -1 -1
0.0302064 -1 -1
-0.00803673 -1 -1
0.0413879 -1 -1
743 0 -1
-0.53988 -0.115501 0.83378 
-0.068343 -0.981256 -0.180183 
0.838963 -0.15426 0.521867 
0.0578217 0.0992996 2.01088
-0.0306253 -1 -1
-0.0200516 -1 -1
0.0610723 -1 -1
-0.00690608 -1 -1
-0.0281125 -1 -1
-0.126053 -1 -1
-0.00471419 -1 -1
0.0208391 -1 -1
0.00134517 -1 -1
0.0297845 -1 -1
744 0 -1
-0.537474 -0.122105 0.834393 
-0.0642436 -0.980657 -0.184891 
0.84083 -0.152979 0.519233 
0.0518533 0.102322 2.01847
-0.0242836 -1 -1
-0.0254407 -1 -1
0.0640288 -1 -1
0.00893538 -1 -1
-0.0312963 -1 -1
-0.129653 -1 -1
-0.0173817 -1 -1
0.0240457 -1 -1
0.000481061 -1 -1
0.0340833 -1 -1
745 0 -1
-0.543122 -0.123211 0.830564 
-0.0560146 -0.981655 -0.182253 
0.837783 -0.14551 0.526257 
0.0468363 0.099415 1.99681
-0.0337854 -1 -1
-0.0306853 -1 -1
0.0630224 -1 -1
-0.0084683 -1 -1
-0.0212697 -1 -1
-0.11382 -1 -1
-0.00625718 -1 -1
0.00928732 -1 -1
0.00178456 -1 -1
0.0408009 -1 -1
746 0 -1
-0.552054 -0.110638 0.826435 
-0.0644891 -0.982523 -0.174612 
0.831311 -0.149692 0.535271 
0.0450175 0.102585 1.99534
-0.0361752 -1 -1
-0.0214688 -1 -1
0.0625678 -1 -1
-0.00556407 -1 -1
-0.0223764 -1 -1
-0.115537 -1 -1
0.00381368 -1 -1
0.0139632 -1 -1
-0.000871393 -1 -1
0.0389483 -1 -1
747 0 -1
-0.543665 -0.112411 0.83174 
-0.0690745 -0.981636 -0.17782 
0.836455 -0.154127 0.525916 
0.0385473 0.108798 1.99426
-0.0318765 -1 -1
-0.0246079 -1 -1
0.0651029 -1 -1
0.00365181 -1 -1
-0.0261426 -1 -1
-0.115222 -1 -1
0.00375154 -1 -1
0.0152193 -1 -1
-0.00166656 -1 -1
0.0297402 -1 -1
748 0 -1
-0.541039 -0.121071 0.832237 
-0.0746464 -0.978764 -0.190915 
0.837678 -0.165416 0.520512 
0.0369223 0.11195 1.98365
-0.0278261 -1 -1
-0.0247063 -1 -1
0.0691539 -1 -1
-0.0004408 -1 -1
-0.0286309 -1 -1
-0.109494 -1 -1
0.0125637 -1 -1
0.0134568 -1 -1
0.00182668 -1 -1
0.0276665 -1 -1
749 0 -1
-0.554464 -0.111015 0.82477 
-0.0708235 -0.981173 -0.179679 
0.829189 -0.158039 0.536162 
0.039984 0.113846 1.98581
-0.0265997 -1 -1
-0.019981 -1 -1
0.0728951 -1 -1
0.0103328 -1 -1
-0.026403 -1 -1
-0.112418 -1 -1
0.00991486 -1 -1
0.0242827 -1 -1
0.00504827 -1 -1
0.0337798 -1 -1
750 0 -1
-0.54572 -0.113373 0.830263 
-0.0721429 -0.98077 -0.181343 
0.834856 -0.15886 0.527047 
0.0400507 0.113561 2.00669
-0.0242917 -1 -1
-0.0267439 -1 -1
0.0750001 -1 -1
0.0116986 -1 -1
-0.029696 -1 -1
-0.109946 -1 -1
0.00607559 -1 -1
0.0257546 -1 -1
0.00309592 -1 -1
0.0292269 -1 -1
751 0 -1
-0.553008 -0.106207 0.826379 
-0.0685839 -0.982673 -0.17219 
0.830349 -0.151898 0.536142 
0.0409978 0.113557 2.01498
-0.0258567 -1 -1
-0.0343336 -1 -1
0.0779314 -1 -1
0.00600226 -1 -1
-0.0231074 -1 -1
-0.105722 -1 -1
-0.00196072 -1 -1
0.0239395 -1 -1
0.00770269 -1 -1
0.0363678 -1 -1
752 0 -1
-0.55731 -0.100491 0.824201 
-0.0667684 -0.98401 -0.165124 
0.827615 -0.147056 0.541689 
0.0409622 0.122618 2.02129
-0.012572 -1 -1
-0.0291831 -1 -1
0.0779441 -1 -1
0.0202322 -1 -1
-0.0325858 -1 -1
-0.113878 -1 -1
-0.00283239 -1 -1
0.0307854 -1 -1
0.00655313 -1 -1
0.0327805 -1 -1
753 0 -1
-0.55238 -0.104078 0.827069 
-0.0686081 -0.983132 -0.169539 
0.830764 -0.150394 0.535922 
0.043091 0.116767 1.99677
-0.0174179 -1 -1
-0.0261854 -1 -1
0.0768776 -1 -1
0.00797523 -1 -1
-0.0307072 -1 -1
-0.104939 -1 -1
-0.0034445 -1 -1
0.0270509 -1 -1
0.00567182 -1 -1
0.0297974 -1 -1
754 0 -1
-0.558243 -0.111028 0.822215 
-0.0648522 -0.982134 -0.176654 
0.827139 -0.151938 0.541069 
0.0423363 0.111198 1.9754
-0.0194147 -1 -1
-0.0202091 -1 -1
0.0763429 -1 -1
0.00786348 -1 -1
-0.0302613 -1 -1
-0.107159 -1 -1
-0.000184214 -1 -1
0.0292174 -1 -1
0.00839676 -1 -1
0.0323869 -1 -1
755 0 -1
-0.553709 -0.113052 0.825001 
-0.0660494 -0.981657 -0.178848 
0.830087 -0.153521 0.536085 
0.0436685 0.10907 1.97506
-0.0205317 -1 -1
-0.0258392 -1 -1
0.0719749 -1 -1
0.00845914 -1 -1
-0.032565 -1 -1
-0.101311 -1 -1
0.00412511 -1 -1
0.0219856 -1 -1
-0.00180618 -1 -1
0.0306058 -1 -1
756 0 -1
-0.560268 -0.11796 0.819869 
-0.0700859 -0.979507 -0.188822 
0.825341 -0.163252 0.540519 
0.0469699 0.11845 1.98054
-0.0192987 -1 -1
-0.02408 -1 -1
0.0726675 -1 -1
0.00462142 -1 -1
-0.0381998 -1 -1
-0.107056 -1 -1
-0.00341206 -1 -1
0.0201292 -1 -1
0.0092701 -1 -1
0.0266853 -1 -1
757 0 -1
-0.562358 -0.107207 0.819915 
-0.0706249 -0.981709 -0.176803 
0.823872 -0.157333 0.544501 
0.0467826 0.11614 1.99342
-0.0121766 -1 -1
-0.0242928 -1 -1
0.0739054 -1 -1
0.00504263 -1 -1
-0.0455712 -1 -1
-0.106808 -1 -1
-0.00615203 -1 -1
0.0241906 -1 -1
0.00517296 -1 -1
0.0205226 -1 -1
758 0 -1
-0.566381 -0.113331 0.816314 
-0.0632963 -0.981592 -0.180194 
0.821709 -0.153728 0.548782 
0.048015 0.118408 1.98768
-0.0110198 -1 -1
-0.0220684 -1 -1
0.075341 -1 -1
0.00670745 -1 -1
-0.0453718 -1 -1
-0.107779 -1 -1
-0.00753084 -1 -1
0.0291597 -1 -1
0.00924943 -1 -1
0.0238203 -1 -1
759 0 -1
-0.563335 -0.120754 0.817356 
-0.0645871 -0.979799 -0.189268 
0.8237 -0.159412 0.544156 
0.0476493 0.119789 1.97945
-0.0282953 -1 -1
-0.0247159 -1 -1
0.0774438 -1 -1
-0.0160536 -1 -1
-0.0351276 -1 -1
-0.0991948 -1 -1
-0.00765761 -1 -1
0.0194241 -1 -1
0.0131644 -1 -1
0.0247442 -1 -1
760 0 -1
-0.560442 -0.118573 0.819661 
-0.070462 -0.979283 -0.189842 
0.825191 -0.164151 0.540477 
0.0479044 0.116288 1.95724
-0.0272573 -1 -1
-0.0270668 -1 -1
0.0778662 -1 -1
-0.00214611 -1 -1
-0.039913 -1 -1
-0.101722 -1 -1
-0.0102109 -1 -1
0.0191767 -1 -1
0.00936643 -1 -1
0.0286296 -1 -1
761 0 -1
-0.560076 -0.118978 0.819853 
-0.0696995 -0.979357 -0.189741 
0.825504 -0.163412 0.540222 
0.051726 0.119103 1.95774
-0.0310805 -1 -1
-0.0170743 -1 -1
0.077748 -1 -1
-0.010367 -1 -1
-0.043441 -1 -1
-0.106481 -1 -1
-0.00841027 -1 -1
0.0221585 -1 -1
0.0154771 -1 -1
0.0286242 -1 -1
762 0 -1
-0.560818 -0.120683 0.819096 
-0.0726999 -0.97832 -0.193919 
0.824741 -0.168301 0.539886 
0.0571327 0.119882 1.94779
-0.0311797 -1 -1
-0.0142149 -1 -1
0.0743419 -1 -1
-0.00933898 -1 -1
-0.0422848 -1 -1
-0.104661 -1 -1
-0.00596357 -1 -1
0.0248871 -1 -1
0.00996949 -1 -1
0.0346933 -1 -1
763 0 -1
-0.557927 -0.124997 0.820422 
-0.0686961 -0.978243 -0.195759 
0.827042 -0.165579 0.537201 
0.0583095 0.121546 1.94229
-0.0275751 -1 -1
-0.019104 -1 -1
0.0764819 -1 -1
-0.000288679 -1 -1
-0.0432355 -1 -1
-0.101197 -1 -1
-0.0115308 -1 -1
0.0272957 -1 -1
0.00841651 -1 -1
0.0289178 -1 -1
764 0 -1
-0.558892 -0.121719 0.820258 
-0.0685423 -0.979003 -0.191977 
0.826403 -0.163517 0.538814 
0.062862 0.118752 1.95222
-0.0282109 -1 -1
-0.0167353 -1 -1
0.077311 -1 -1
-0.00478265 -1 -1
-0.0445485 -1 -1
-0.104648 -1 -1
-0.0124368 -1 -1
0.0216916 -1 -1
0.01325 -1 -1
0.0386266 -1 -1
765 0 -1
-0.556146 -0.126513 0.821399 
-0.0688164 -0.977942 -0.197217 
0.828231 -0.166207 0.535172 
0.066012 0.127347 1.94691
-0.0258587 -1 -1
-0.0266699 -1 -1
0.0742841 -1 -1
0.00902174 -1 -1
-0.0458805 -1 -1
-0.0982294 -1 -1
-0.0168836 -1 -1
0.0271967 -1 -1
0.000160787 -1 -1
0.0374421 -1 -1
766 0 -1
-0.560207 -0.110845 0.820903 
-0.0711042 -0.980914 -0.180974 
0.825295 -0.159753 0.541633 
0.0726822 0.124686 1.95854
-0.0278763 -1 -1
-0.0194323 -1 -1
0.0732062 -1 -1
0.00862674 -1 -1
-0.0513643 -1 -1
-0.104971 -1 -1
-0.00891228 -1 -1
0.0285908 -1 -1
0.00194501 -1 -1
0.0322581 -1 -1
767 0 -1
-0.557836 -0.110077 0.822619 
-0.0644255 -0.982432 -0.17515 
0.827447 -0.150702 0.540944 
0.0755536 0.118945 1.95284
-0.0348888 -1 -1
-0.0212076 -1 -1
0.0730078 -1 -1
-0.00443388 -1 -1
-0.0486798 -1 -1
-0.101242 -1 -1
-0.0100907 -1 -1
0.0262185 -1 -1
0.00534671 -1 -1
0.0404683 -1 -1
768 0 -1
-0.549046 -0.111643 0.828302 
-0.0768892 -0.980089 -0.183068 
0.832248 -0.1642 0.52953 
0.0791024 0.120972 1.92497
-0.0343259 -1 -1
-0.0199991 -1 -1
0.0653572 -1 -1
0.00186178 -1 -1
-0.0505855 -1 -1
-0.102012 -1 -1
0.000157068 -1 -1
0.023898 -1 -1
-0.00211062 -1 -1
0.0307462 -1 -1
769 0 -1
-0.544753 -0.108189 0.831588 
-0.0786388 -0.980683 -0.179101 
0.834901 -0.162961 0.525722 
0.0869281 0.125774 1.95188
-0.0347083 -1 -1
-0.0261212 -1 -1
0.0722409 -1 -1
0.00565116 -1 -1
-0.045636 -1 -1
-0.0973411 -1 -1
-0.0091679 -1 -1
0.012762 -1 -1
0.00248846 -1 -1
0.0343828 -1 -1
770 0 -1
-0.540346 -0.112536 0.833883 
-0.0713788 -0.981314 -0.178685 
0.83841 -0.156073 0.522217 
0.0861513 0.124485 1.93236
-0.0362825 -1 -1
-0.0187553 -1 -1
0.0695024 -1 -1
0.0134254 -1 -1
-0.0511945 -1 -1
-0.0967174 -1 -1
0.00182957 -1 -1
0.0203828 -1 -1
-0.00730717 -1 -1
0.0300216 -1 -1
771 0 -1
-0.541857 -0.125985 0.830975 
-0.0691312 -0.97867 -0.193456 
0.837623 -0.162272 0.52159 
0.0909404 0.131191 1.94034
-0.0360997 -1 -1
-0.0164809 -1 -1
0.0741387 -1 -1
0.0298148 -1 -1
-0.0401465 -1 -1
-0.0949117 -1 -1
9.63342e-05 -1 -1
0.0261888 -1 -1
-0.00275281 -1 -1
0.0310124 -1 -1
772 0 -1
-0.528992 -0.113453 0.841009 
-0.0704735 -0.981727 -0.176763 
0.845695 -0.152775 0.511331 
0.0966318 0.132253 1.95564
-0.0191201 -1 -1
-0.0449491 -1 -1
0.0711404 -1 -1
0.0144304 -1 -1
-0.0241351 -1 -1
-0.0839902 -1 -1
-0.0152452 -1 -1
0.0302461 -1 -1
0.00496227 -1 -1
0.0361334 -1 -1
773 0 -1
-0.521415 -0.120466 0.844757 
-0.0646329 -0.981565 -0.179869 
0.850852 -0.148386 0.504017 
0.0989153 0.132612 1.9577
-0.0188239 -1 -1
-0.0445733 -1 -1
0.0758108 -1 -1
0.0133706 -1 -1
-0.0258723 -1 -1
-0.0818931 -1 -1
-0.019493 -1 -1
0.0276333 -1 -1
0.00420994 -1 -1
0.0432205 -1 -1
774 0 -1
-0.522462 -0.116485 0.844669 
-0.0619245 -0.982825 -0.17384 
0.850411 -0.143131 0.506275 
0.104677 0.131152 1.94308
-0.0256139 -1 -1
-0.0506972 -1 -1
0.0734002 -1 -1
0.00322161 -1 -1
-0.0129651 -1 -1
-0.0760202 -1 -1
-0.0213146 -1 -1
0.0170248 -1 -1
0.0147581 -1 -1
0.0438437 -1 -1
775 0 -1
-0.508769 -0.120149 0.852478 
-0.0654569 -0.981948 -0.177463 
0.858411 -0.146088 0.49172 
0.108279 0.13981 1.92865
-0.0355149 -1 -1
-0.0278215 -1 -1
0.0849217 -1 -1
0.015567 -1 -1
-0.0254292 -1 -1
-0.0792842 -1 -1
-0.0166615 -1 -1
0.00821737 -1 -1
0.00293879 -1 -1
0.0315381 -1 -1
776 0 -1
-0.505432 -0.126249 0.85358 
-0.0535663 -0.982739 -0.17707 
0.861202 -0.13522 0.489946 
0.113483 0.140329 1.94953
-0.022224 -1 -1
-0.0461183 -1 -1
0.0793851 -1 -1
0.0175482 -1 -1
-0.014241 -1 -1
-0.0791374 -1 -1
-0.0296587 -1 -1
0.00681672 -1 -1
0.0115126 -1 -1
0.0454259 -1 -1
777 0 -1
-0.507208 -0.120614 0.853342 
-0.0601144 -0.982795 -0.174642 
0.859725 -0.139878 0.49123 
0.119718 0.14121 1.91302
-0.0491655 -1 -1
-0.00895549 -1 -1
0.0861382 -1 -1
0.0265591 -1 -1
-0.0332348 -1 -1
-0.0780597 -1 -1
-0.00981565 -1 -1
0.0120132 -1 -1
0.00230273 -1 -1
0.0398871 -1 -1
778 0 -1
-0.506953 -0.123888 0.853024 
-0.0493309 -0.983826 -0.172202 
0.860561 -0.129379 0.492641 
0.125504 0.139439 1.90233
-0.0269473 -1 -1
-0.060603 -1 -1
0.0568939 -1 -1
0.050611 -1 -1
-0.0435134 -1 -1
-0.0652902 -1 -1
-0.0251067 -1 -1
-0.0294833 -1 -1
-0.0372118 -1 -1
0.0192274 -1 -1
779 0 -1
-0.514121 -0.127706 0.848157 
-0.0453343 -0.983426 -0.175553 
0.856519 -0.128706 0.499811 
0.13654 0.152126 1.94134
-0.0222124 -1 -1
-0.0597843 -1 -1
0.0469391 -1 -1
0.0382896 -1 -1
-0.0392053 -1 -1
-0.0528887 -1 -1
-0.0249354 -1 -1
-0.00856484 -1 -1
-0.00509302 -1 -1
0.0307023 -1 -1
780 0 -1
-0.508 -0.115186 0.85362 
-0.047531 -0.98576 -0.161303 
0.860044 -0.122516 0.495291 
0.151421 0.165487 1.93035
-0.0298242 -1 -1
-0.042466 -1 -1
0.0559302 -1 -1
0.0534287 -1 -1
-0.0583618 -1 -1
-0.0706829 -1 -1
-0.00774464 -1 -1
0.00341107 -1 -1
0.0190452 -1 -1
0.0254866 -1 -1
781 0 -1
-0.517206 -0.118967 0.847552 
-0.0492541 -0.984513 -0.168248 
0.854443 -0.128764 0.503336 
0.161438 0.166449 1.93506
-0.0313407 -1 -1
-0.0366682 -1 -1
0.0547911 -1 -1
0.053011 -1 -1
-0.0573956 -1 -1
-0.0710928 -1 -1
-0.00567651 -1 -1
0.00422831 -1 -1
0.0153373 -1 -1
0.0361528 -1 -1
782 0 -1
-0.504053 -0.134363 0.853157 
-0.0561919 -0.98063 -0.187638 
0.861843 -0.14252 0.48674 
0.162974 0.171328 1.91361
-0.031614 -1 -1
-0.0335142 -1 -1
0.0544852 -1 -1
0.0514086 -1 -1
-0.060588 -1 -1
-0.0713878 -1 -1
-0.00155958 -1 -1
0.003302 -1 -1
0.0151609 -1 -1
0.0331195 -1 -1
783 0 -1
-0.500903 -0.113346 0.858049 
-0.0678798 -0.983189 -0.169503 
0.862837 -0.143149 0.484789 
0.169412 0.170285 1.9145
-0.0301165 -1 -1
-0.0275704 -1 -1
0.0570953 -1 -1
0.0423588 -1 -1
-0.0683656 -1 -1
-0.0760498 -1 -1
0.0059489 -1 -1
-0.000730573 -1 -1
0.0169116 -1 -1
0.0338851 -1 -1
784 0 -1
-0.493148 -0.116841 0.862063 
-0.0726438 -0.981948 -0.174646 
0.866907 -0.14875 0.475758 
0.177311 0.162952 1.87605
-0.0332251 -1 -1
-0.0423623 -1 -1
0.0481454 -1 -1
0.0394068 -1 -1
-0.0749195 -1 -1
-0.0644816 -1 -1
0.00229306 -1 -1
0.0011113 -1 -1
0.0103233 -1 -1
0.0408163 -1 -1
785 0 -1
-0.515371 -0.130857 0.846917 
-0.049425 -0.982089 -0.181819 
0.85554 -0.135563 0.499673 
0.198235 0.176394 1.9101
-0.0354814 -1 -1
-0.036672 -1 -1
0.0407589 -1 -1
0.0493066 -1 -1
-0.0665638 -1 -1
-0.070648 -1 -1
-0.00606074 -1 -1
0.0118389 -1 -1
0.0126456 -1 -1
0.0486097 -1 -1
786 0 -1
-0.506147 -0.131353 0.852386 
-0.0550032 -0.981406 -0.183896 
0.860691 -0.139963 0.489511 
0.207187 0.178881 1.89587
-0.0345046 -1 -1
-0.038803 -1 -1
0.0483913 -1 -1
0.0449959 -1 -1
-0.0785696 -1 -1
-0.0762797 -1 -1
0.000853708 -1 -1
0.00847996 -1 -1
0.0130121 -1 -1
0.0395021 -1 -1
787 0 -1
-0.510812 -0.143068 0.847704 
-0.0454806 -0.980177 -0.192831 
0.858488 -0.137055 0.49418 
0.225174 0.18117 1.88703
-0.0371265 -1 -1
-0.0360035 -1 -1
0.0476429 -1 -1
0.0474114 -1 -1
-0.0818637 -1 -1
-0.0861622 -1 -1
-0.00131943 -1 -1
0.0169074 -1 -1
0.0107317 -1 -1
0.0458457 -1 -1
788 0 -1
-0.495709 -0.142822 0.856665 
-0.053957 -0.979416 -0.194509 
0.866811 -0.142643 0.477799 
0.235451 0.179243 1.90503
-0.0699024 -1 -1
-0.0847355 -1 -1
0.0666983 -1 -1
0.0492562 -1 -1
-0.0867336 -1 -1
-0.145 -1 -1
-0.0171448 -1 -1
0.0395394 -1 -1
-0.0125607 -1 -1
0.0358671 -1 -1
789 0 -1
-0.492234 -0.119981 0.862154 
-0.0779021 -0.980409 -0.180915 
0.86697 -0.156216 0.473244 
0.237587 0.173425 1.84857
-0.0335738 -1 -1
-0.0388213 -1 -1
0.0570975 -1 -1
0.0358371 -1 -1
-0.070484 -1 -1
-0.0625418 -1 -1
0.00260579 -1 -1
0.0173513 -1 -1
0.0268814 -1 -1
0.0433889 -1 -1
790 0 -1
-0.487605 -0.112871 0.865737 
-0.0746014 -0.982595 -0.170124 
0.869871 -0.147538 0.470698 
0.249618 0.178679 1.83667
-0.036454 -1 -1
-0.0356011 -1 -1
0.0580371 -1 -1
0.0372193 -1 -1
-0.0676456 -1 -1
-0.0595388 -1 -1
0.00589952 -1 -1
0.0210774 -1 -1
0.023064 -1 -1
0.0433979 -1 -1
791 0 -1
-0.481957 -0.110873 0.869152 
-0.0677201 -0.984281 -0.163111 
0.873574 -0.137471 0.466873 
0.269277 0.178216 1.85903
-0.0297551 -1 -1
-0.0380878 -1 -1
0.0683043 -1 -1
0.0323923 -1 -1
-0.0814081 -1 -1
-0.0665213 -1 -1
0.00524802 -1 -1
0.00306649 -1 -1
0.0197268 -1 -1
0.0411951 -1 -1
792 0 -1
-0.476143 -0.110399 0.87241 
-0.0588609 -0.985862 -0.15688 
0.877396 -0.126048 0.462913 
0.278898 0.17591 1.85639
-0.0247921 -1 -1
-0.0455316 -1 -1
0.0741716 -1 -1
0.0313484 -1 -1
-0.0866869 -1 -1
-0.0634752 -1 -1
0.000419912 -1 -1
-0.000535599 -1 -1
0.0168343 -1 -1
0.0458198 -1 -1
793 0 -1
-0.472553 -0.102447 0.875328 
-0.0726501 -0.985312 -0.15454 
0.878303 -0.136621 0.458169 
0.289029 0.187792 1.86555
-0.0204016 -1 -1
-0.0443381 -1 -1
0.0692195 -1 -1
0.0375932 -1 -1
-0.0716059 -1 -1
-0.0564904 -1 -1
0.00297523 -1 -1
0.014605 -1 -1
0.0171388 -1 -1
0.0382485 -1 -1
794 0 -1
-0.468946 -0.100549 0.877485 
-0.0641864 -0.986992 -0.1474 
0.880891 -0.125445 0.456392 
0.304912 0.189009 1.86684
-0.0171092 -1 -1
-0.057599 -1 -1
0.0602201 -1 -1
0.0322411 -1 -1
-0.0604942 -1 -1
-0.055517 -1 -1
0.00544065 -1 -1
0.00806506 -1 -1
0.0258461 -1 -1
0.0273896 -1 -1
795 0 -1
-0.458475 -0.107924 0.88213 
-0.0611795 -0.986411 -0.152479 
0.886599 -0.123876 0.445642 
0.313719 0.189079 1.85553
-0.0170265 -1 -1
-0.0500319 -1 -1
0.0654283 -1 -1
0.0400626 -1 -1
-0.0626188 -1 -1
-0.0523334 -1 -1
0.00074728 -1 -1
0.00995366 -1 -1
0.0173759 -1 -1
0.0307898 -1 -1
796 0 -1
-0.466957 -0.119747 0.876134 
-0.0318077 -0.987873 -0.151971 
0.883708 -0.0988319 0.457486 
0.338969 0.188543 1.86164
-0.0616765 -1 -1
-0.0770127 -1 -1
0.125931 -1 -1
0.0514835 -1 -1
-0.0364336 -1 -1
-0.143929 -1 -1
-0.0176142 -1 -1
0.00645107 -1 -1
-0.0282719 -1 -1
0.0333477 -1 -1
797 0 -1
-0.439643 -0.10442 0.892082 
-0.0484399 -0.989017 -0.139639 
0.896865 -0.104604 0.429756 
0.335712 0.193315 1.81955
-0.0404859 -1 -1
-0.0723067 -1 -1
0.095076 -1 -1
0.0376324 -1 -1
-0.0785076 -1 -1
-0.107657 -1 -1
-0.0102972 -1 -1
0.0150466 -1 -1
0.0115446 -1 -1
0.0250704 -1 -1
798 0 -1
-0.431979 -0.127004 0.892896 
-0.0255959 -0.98791 -0.152902 
0.90152 -0.0889049 0.423505 
0.346093 0.195166 1.79275
-0.0353405 -1 -1
-0.0844584 -1 -1
0.0951719 -1 -1
0.0419577 -1 -1
-0.0801924 -1 -1
-0.107002 -1 -1
-0.00494398 -1 -1
0.010061 -1 -1
0.019999 -1 -1
0.0361041 -1 -1
799 0 -1
-0.421747 -0.10222 0.900933 
-0.0461533 -0.989917 -0.133922 
0.905538 -0.0980622 0.412777 
0.360731 0.200514 1.82685
-0.0193287 -1 -1
-0.059798 -1 -1
0.101598 -1 -1
0.0277436 -1 -1
-0.0855956 -1 -1
-0.074635 -1 -1
0.00294962 -1 -1
0.0192312 -1 -1
0.0058719 -1 -1
0.0282779 -1 -1
800 0 -1
-0.426296 -0.105371 0.898426 
-0.053636 -0.988501 -0.141385 
0.902992 -0.10846 0.415742 
0.369077 0.216495 1.81404
-0.0183852 -1 -1
-0.0598927 -1 -1
0.107144 -1 -1
0.0302308 -1 -1
-0.0846458 -1 -1
-0.0787046 -1 -1
0.0171236 -1 -1
0.00765334 -1 -1
0.0141679 -1 -1
0.0332905 -1 -1
801 0 -1
-0.421328 -0.102302 0.90112 
-0.0622647 -0.98801 -0.141279 
0.904769 -0.115633 0.409906 
0.368471 0.212464 1.78237
-0.0264759 -1 -1
-0.0662026 -1 -1
0.0944165 -1 -1
0.0461591 -1 -1
-0.0762754 -1 -1
-0.0660573 -1 -1
0.0131897 -1 -1
0.0250174 -1 -1
0.00460174 -1 -1
0.0423553 -1 -1
