230 10 10
229 1 -1
2 0 -1
-0.838158 0.0480798 -0.543304 
0.0191249 -0.992904 -0.117371 
-0.545092 -0.108766 0.831291 
-1.04664 -0.21547 4.25817
0.0464402 -1 -1
0.0308281 -1 -1
0.0374711 -1 -1
0.00817775 -1 -1
-0.0409913 -1 -1
-0.0821235 -1 -1
0.0171704 -1 -1
0.131792 -1 -1
0.14671 -1 -1
0.0734353 -1 -1
3 0 -1
-0.889131 0.0456177 -0.455374 
0.0543823 -0.977439 -0.204099 
-0.45441 -0.206235 0.86659 
-1.03609 -0.202147 4.20419
0.064983 -1 -1
-0.0469533 -1 -1
0.0358481 -1 -1
-0.00176479 -1 -1
-0.138936 -1 -1
-0.08312 -1 -1
0.134584 -1 -1
0.0618025 -1 -1
0.0638182 -1 -1
0.0459299 -1 -1
4 0 -1
-0.888639 0.0445104 -0.456443 
0.0420629 -0.983173 -0.177766 
-0.456675 -0.177169 0.871814 
-1.02862 -0.203138 4.13485
0.0744952 -1 -1
-0.0940673 -1 -1
0.0620598 -1 -1
-0.016797 -1 -1
-0.170216 -1 -1
-0.086577 -1 -1
0.189233 -1 -1
0.0220912 -1 -1
0.0572006 -1 -1
0.0663125 -1 -1
5 0 -1
-0.900843 0.0571288 -0.43037 
0.0227636 -0.983725 -0.178231 
-0.433548 -0.170355 0.884881 
-1.01174 -0.199457 4.04182
0.0849934 -1 -1
-0.153255 -1 -1
0.0982259 -1 -1
-0.0224544 -1 -1
-0.193675 -1 -1
-0.0858685 -1 -1
0.270189 -1 -1
-0.0111728 -1 -1
0.0185792 -1 -1
0.0746533 -1 -1
6 0 -1
-0.901477 0.0678639 -0.427474 
0.0296727 -0.975618 -0.21746 
-0.431809 -0.208719 0.877483 
-1.0124 -0.198161 4.06992
0.0436101 -1 -1
-0.022296 -1 -1
0.0667558 -1 -1
0.033192 -1 -1
-0.117317 -1 -1
-0.0830428 -1 -1
0.0176163 -1 -1
0.0389771 -1 -1
0.0367557 -1 -1
0.0430789 -1 -1
7 0 -1
-0.898961 0.0725876 -0.431972 
0.0151605 -0.980427 -0.196299 
-0.437766 -0.183014 0.880265 
-1.02283 -0.207419 4.10309
0.0694491 -1 -1
-0.106082 -1 -1
0.131131 -1 -1
0.0143394 -1 -1
-0.151176 -1 -1
-0.0874115 -1 -1
0.144536 -1 -1
-0.0313539 -1 -1
0.0172253 -1 -1
0.0702923 -1 -1
8 0 -1
-0.888135 0.0651038 -0.454949 
0.0334757 -0.978122 -0.205321 
-0.458363 -0.197582 0.866525 
-1.02962 -0.206398 4.16304
0.0536417 -1 -1
-0.0184116 -1 -1
0.0681159 -1 -1
0.0220589 -1 -1
-0.135702 -1 -1
-0.0901603 -1 -1
0.0167088 -1 -1
0.00763841 -1 -1
0.0563342 -1 -1
0.0359452 -1 -1
9 0 -1
-0.889381 0.0697873 -0.451808 
0.0219149 -0.980636 -0.19461 
-0.456641 -0.182984 0.87063 
-1.02887 -0.200147 4.14744
0.0765212 -1 -1
-0.0474171 -1 -1
0.132435 -1 -1
0.0477969 -1 -1
-0.110346 -1 -1
-0.0953999 -1 -1
0.120647 -1 -1
-0.0315973 -1 -1
0.00450709 -1 -1
0.0476129 -1 -1
10 0 -1
-0.891714 0.068833 -0.447335 
0.0240433 -0.979768 -0.198688 
-0.45196 -0.187928 0.872018 
-1.03056 -0.202294 4.15145
0.0685896 -1 -1
-0.0958682 -1 -1
0.0857618 -1 -1
0.0102612 -1 -1
-0.15931 -1 -1
-0.0768987 -1 -1
0.166429 -1 -1
0.0424465 -1 -1
0.0422722 -1 -1
0.0686922 -1 -1
11 0 -1
-0.890458 0.0555953 -0.451656 
0.0373842 -0.980217 -0.194362 
-0.453527 -0.189956 0.870764 
-1.02272 -0.20349 4.16442
0.0507269 -1 -1
-0.0338418 -1 -1
0.0413889 -1 -1
0.00306278 -1 -1
-0.145331 -1 -1
-0.0758628 -1 -1
0.0428848 -1 -1
0.0745322 -1 -1
0.0865967 -1 -1
0.0536556 -1 -1
12 0 -1
-0.894938 0.0487925 -0.443515 
0.0420736 -0.980346 -0.192748 
-0.444202 -0.191158 0.875296 
-1.02291 -0.198322 4.15945
0.0859356 -1 -1
-0.115939 -1 -1
0.135998 -1 -1
-0.0175155 -1 -1
-0.156854 -1 -1
-0.0832411 -1 -1
0.240245 -1 -1
0.0407024 -1 -1
0.0739984 -1 -1
0.108138 -1 -1
13 0 -1
-0.898827 0.0367502 -0.43676 
0.05255 -0.980255 -0.190626 
-0.435142 -0.194292 0.879149 
-1.02162 -0.200738 4.16642
0.0536417 -1 -1
-0.0622129 -1 -1
0.074985 -1 -1
-0.0106134 -1 -1
-0.149033 -1 -1
-0.101136 -1 -1
0.114614 -1 -1
0.0281024 -1 -1
0.0738897 -1 -1
0.0733743 -1 -1
14 0 -1
-0.900548 0.0480257 -0.432095 
0.0400963 -0.980469 -0.192542 
-0.432903 -0.190719 0.881034 
-1.02507 -0.192765 4.15712
0.0547741 -1 -1
-0.117767 -1 -1
0.102477 -1 -1
-0.0212689 -1 -1
-0.172505 -1 -1
-0.114062 -1 -1
0.20628 -1 -1
0.0377014 -1 -1
0.0666809 -1 -1
0.0949423 -1 -1
15 0 -1
-0.902928 0.0559356 -0.426136 
0.0295627 -0.981064 -0.191416 
-0.428774 -0.185433 0.884176 
-1.0588 -0.20839 4.15948
0.514755 -1 -1
0.507921 -1 -1
1.53065 -1 -1
-0.816215 -1 -1
0.0766137 -1 -1
-0.356598 -1 -1
1.45618 -1 -1
0.605049 -1 -1
-0.447559 -1 -1
0.0814802 -1 -1
16 0 -1
-0.907551 0.0489833 -0.417075 
0.0317821 -0.982314 -0.184525 
-0.418738 -0.180722 0.889943 
-1.04995 -0.2147 4.17095
-0.0583943 -1 -1
0.518587 -1 -1
0.110708 -1 -1
-0.875649 -1 -1
-0.617544 -1 -1
-0.306741 -1 -1
-0.0395487 -1 -1
0.502921 -1 -1
0.145111 -1 -1
0.0245839 -1 -1
17 0 -1
-0.901601 0.0565786 -0.428853 
0.0272099 -0.982028 -0.186764 
-0.431713 -0.180055 0.883858 
-0.929403 -0.221719 4.23382
0.441567 -1 -1
-0.359326 -1 -1
1.71586 -1 -1
0.0286049 -1 -1
-0.230923 -1 -1
0.2163 -1 -1
0.810779 -1 -1
-0.0972281 -1 -1
-0.0143809 -1 -1
0.184267 -1 -1
18 0 -1
-0.904822 0.0465981 -0.423232 
0.0332423 -0.983229 -0.179323 
-0.424489 -0.176324 0.888098 
-0.931281 -0.217824 4.23565
0.432985 -1 -1
-0.310366 -1 -1
1.68774 -1 -1
0.0316024 -1 -1
-0.226593 -1 -1
0.219825 -1 -1
0.78442 -1 -1
-0.113093 -1 -1
-0.0285783 -1 -1
0.16282 -1 -1
19 0 -1
-0.904536 0.047116 -0.423786 
0.0319682 -0.983586 -0.177587 
-0.425197 -0.174182 0.888182 
-0.92864 -0.21877 4.21904
0.440137 -1 -1
-0.36805 -1 -1
1.71508 -1 -1
0.0365209 -1 -1
-0.256185 -1 -1
0.231564 -1 -1
0.851403 -1 -1
-0.095286 -1 -1
-0.0321248 -1 -1
0.171205 -1 -1
20 0 -1
-0.904774 0.0477558 -0.423206 
0.0303432 -0.98394 -0.175901 
-0.42481 -0.171992 0.888794 
-0.926358 -0.232865 4.21171
0.45142 -1 -1
-0.376848 -1 -1
1.71228 -1 -1
0.0354523 -1 -1
-0.271198 -1 -1
0.25505 -1 -1
0.861495 -1 -1
-0.124512 -1 -1
-0.0357954 -1 -1
0.169458 -1 -1
21 0 -1
-0.905925 0.0454306 -0.420995 
0.029002 -0.985236 -0.168728 
-0.422445 -0.165064 0.891232 
-0.926261 -0.231954 4.21177
0.441775 -1 -1
-0.328574 -1 -1
1.70481 -1 -1
0.0479653 -1 -1
-0.22827 -1 -1
0.254743 -1 -1
0.8108 -1 -1
-0.079567 -1 -1
-0.0346597 -1 -1
0.160241 -1 -1
22 0 -1
-0.90706 0.0413919 -0.418962 
0.0289529 -0.986666 -0.160162 
-0.420005 -0.157407 0.893767 
-0.928677 -0.242002 4.2151
0.452536 -1 -1
-0.300722 -1 -1
1.70087 -1 -1
0.041271 -1 -1
-0.207072 -1 -1
0.249316 -1 -1
0.807374 -1 -1
-0.108591 -1 -1
-0.0527274 -1 -1
0.150615 -1 -1
23 0 -1
-0.906612 0.0268099 -0.421113 
0.0414541 -0.987493 -0.152114 
-0.419925 -0.155366 0.894162 
-0.930085 -0.244182 4.20406
0.451575 -1 -1
-0.376297 -1 -1
1.7079 -1 -1
0.0474123 -1 -1
-0.277421 -1 -1
0.266255 -1 -1
0.854869 -1 -1
-0.146331 -1 -1
-0.0589342 -1 -1
0.147319 -1 -1
24 0 -1
-0.906311 0.0321855 -0.421384 
0.0374182 -0.987068 -0.155872 
-0.420952 -0.157036 0.893387 
-0.932583 -0.240539 4.2095
0.464829 -1 -1
-0.38709 -1 -1
1.68173 -1 -1
0.0212602 -1 -1
-0.29988 -1 -1
0.3032 -1 -1
0.881833 -1 -1
-0.133704 -1 -1
0.0232945 -1 -1
0.186386 -1 -1
25 0 -1
-0.905253 0.0164558 -0.424555 
0.053006 -0.987069 -0.15128 
-0.421554 -0.159451 0.892674 
-0.932743 -0.2472 4.23153
0.385517 -1 -1
-0.165624 -1 -1
1.58458 -1 -1
0.0711351 -1 -1
-0.113081 -1 -1
0.255627 -1 -1
0.521534 -1 -1
0.0755683 -1 -1
0.0985501 -1 -1
0.124706 -1 -1
26 0 -1
-0.899591 0.0177368 -0.436372 
0.0499147 -0.988452 -0.143077 
-0.433871 -0.150492 0.888318 
-0.931256 -0.251692 4.23815
0.360155 -1 -1
-0.117322 -1 -1
1.51631 -1 -1
0.0697228 -1 -1
-0.139236 -1 -1
0.233864 -1 -1
0.385914 -1 -1
0.00799449 -1 -1
0.0867108 -1 -1
0.099312 -1 -1
27 0 -1
-0.898338 0.0247943 -0.438605 
0.0399372 -0.989662 -0.137744 
-0.437486 -0.141257 0.888061 
-0.936442 -0.253081 4.23132
0.430887 -1 -1
-0.3475 -1 -1
1.71597 -1 -1
0.036545 -1 -1
-0.225098 -1 -1
0.234364 -1 -1
0.804699 -1 -1
-0.0456901 -1 -1
0.023782 -1 -1
0.183153 -1 -1
28 0 -1
-0.897378 0.0314467 -0.44014 
0.0329064 -0.989911 -0.137817 
-0.440033 -0.138158 0.88729 
-0.94079 -0.250589 4.23122
0.344093 -1 -1
-0.448512 -1 -1
1.81962 -1 -1
0.0779943 -1 -1
-0.210717 -1 -1
0.0407977 -1 -1
0.80506 -1 -1
0.0633941 -1 -1
-0.0705703 -1 -1
0.176776 -1 -1
29 0 -1
-0.897651 0.0303656 -0.439659 
0.0344799 -0.989726 -0.138754 
-0.439355 -0.139712 0.887382 
-0.938693 -0.249846 4.24396
0.396671 -1 -1
-0.170462 -1 -1
1.55962 -1 -1
0.0540353 -1 -1
-0.1744 -1 -1
0.276163 -1 -1
0.524805 -1 -1
-0.015184 -1 -1
0.0694416 -1 -1
0.124678 -1 -1
30 0 -1
-0.893668 0.0233787 -0.44812 
0.0394632 -0.990678 -0.130384 
-0.446991 -0.134204 0.884414 
-0.933323 -0.250902 4.23282
0.373794 -1 -1
-0.185587 -1 -1
1.58351 -1 -1
0.0915802 -1 -1
-0.147745 -1 -1
0.242506 -1 -1
0.483518 -1 -1
0.00905844 -1 -1
0.0384528 -1 -1
0.110829 -1 -1
31 0 -1
-0.893177 0.0258301 -0.448963 
0.0350137 -0.991324 -0.126691 
-0.44834 -0.128877 0.884524 
-0.924728 -0.247286 4.23744
0.395202 -1 -1
-0.17028 -1 -1
1.55025 -1 -1
0.0804433 -1 -1
-0.164527 -1 -1
0.285335 -1 -1
0.545941 -1 -1
-0.023189 -1 -1
0.0274567 -1 -1
0.114893 -1 -1
32 0 -1
-0.895079 0.0291985 -0.44495 
0.0348148 -0.990232 -0.135016 
-0.444546 -0.136341 0.885319 
-0.910334 -0.244679 4.22967
0.447916 -1 -1
-0.348257 -1 -1
1.68626 -1 -1
0.0487246 -1 -1
-0.245339 -1 -1
0.297125 -1 -1
0.823409 -1 -1
-0.0840436 -1 -1
0.0101332 -1 -1
0.182493 -1 -1
33 0 -1
-0.897872 0.0300626 -0.43923 
0.0373138 -0.98888 -0.14396 
-0.438673 -0.145647 0.886765 
-0.896388 -0.211499 4.24663
0.375625 -1 -1
-0.0870014 -1 -1
1.48354 -1 -1
0.0775555 -1 -1
-0.111282 -1 -1
0.343652 -1 -1
0.402466 -1 -1
0.105528 -1 -1
0.118012 -1 -1
0.111321 -1 -1
34 0 -1
-0.896503 0.0259202 -0.442278 
0.0382181 -0.990041 -0.135491 
-0.441385 -0.138371 0.886585 
-0.874702 -0.211845 4.25082
0.390724 -1 -1
-0.224313 -1 -1
1.53068 -1 -1
0.0633055 -1 -1
-0.194264 -1 -1
0.316929 -1 -1
0.586754 -1 -1
0.0337535 -1 -1
0.0422848 -1 -1
0.119621 -1 -1
35 0 -1
-0.899233 0.0114933 -0.437319 
0.0495737 -0.990539 -0.127968 
-0.434652 -0.136753 0.890155 
-0.855616 -0.220582 4.26287
0.236181 -1 -1
0.121189 -1 -1
1.36761 -1 -1
0.169899 -1 -1
-0.0165858 -1 -1
0.160223 -1 -1
-0.0359687 -1 -1
0.0399334 -1 -1
0.0358236 -1 -1
-0.00563871 -1 -1
36 0 -1
-0.899245 0.0254945 -0.436701 
0.0424204 -0.988513 -0.14506 
-0.435383 -0.14897 0.887834 
-0.831053 -0.206717 4.28118
0.230746 -1 -1
0.109047 -1 -1
1.35383 -1 -1
0.157239 -1 -1
-0.00431233 -1 -1
0.155013 -1 -1
-0.0378271 -1 -1
0.0415996 -1 -1
0.0546824 -1 -1
0.0136546 -1 -1
37 0 -1
-0.902816 0.0341553 -0.428669 
0.0331631 -0.988342 -0.148593 
-0.428747 -0.148368 0.891158 
-0.813343 -0.203512 4.26415
0.230473 -1 -1
0.109546 -1 -1
1.3235 -1 -1
0.166847 -1 -1
-0.0208271 -1 -1
0.154901 -1 -1
-0.0209875 -1 -1
-0.0416045 -1 -1
0.000385637 -1 -1
-0.0124354 -1 -1
38 0 -1
-0.904202 0.0429919 -0.424937 
0.0304372 -0.985905 -0.164512 
-0.42602 -0.161686 0.890149 
-0.793476 -0.213516 4.26401
0.222114 -1 -1
0.092282 -1 -1
1.29785 -1 -1
0.184339 -1 -1
-0.0295759 -1 -1
0.167408 -1 -1
-0.0494882 -1 -1
-0.0166816 -1 -1
-0.00127747 -1 -1
-0.0262801 -1 -1
39 0 -1
-0.908878 0.0512229 -0.413905 
0.0232746 -0.984653 -0.172964 
-0.416412 -0.166836 0.893737 
-0.78302 -0.21762 4.26467
0.273566 -1 -1
-0.0247899 -1 -1
1.42131 -1 -1
0.168017 -1 -1
-0.0198613 -1 -1
0.228978 -1 -1
0.216604 -1 -1
0.107378 -1 -1
0.0432773 -1 -1
0.0628637 -1 -1
40 0 -1
-0.912902 0.0484756 -0.40529 
0.0213694 -0.985885 -0.166053 
-0.407619 -0.160251 0.898981 
-0.759687 -0.227956 4.26356
0.213468 -1 -1
0.102089 -1 -1
1.25983 -1 -1
0.156629 -1 -1
-0.0244022 -1 -1
0.117789 -1 -1
-0.0235987 -1 -1
-0.099233 -1 -1
0.0166014 -1 -1
0.00458505 -1 -1
41 0 -1
-0.916912 0.0509646 -0.395822 
0.0184015 -0.985359 -0.169498 
-0.398665 -0.162698 0.902549 
-0.75069 -0.239706 4.25416
0.213292 -1 -1
0.0402693 -1 -1
1.21051 -1 -1
0.161139 -1 -1
-0.116162 -1 -1
0.17666 -1 -1
0.019475 -1 -1
-0.0894505 -1 -1
-0.0557105 -1 -1
-0.0840711 -1 -1
42 0 -1
-0.914906 0.0580439 -0.399473 
0.0182669 -0.982641 -0.184615 
-0.403254 -0.176203 0.897963 
-0.741735 -0.2388 4.27216
0.179083 -1 -1
0.0864278 -1 -1
1.13976 -1 -1
0.149387 -1 -1
-0.0349969 -1 -1
0.131231 -1 -1
-0.0688047 -1 -1
0.0282972 -1 -1
0.104132 -1 -1
0.0359039 -1 -1
43 0 -1
-0.916364 0.0592347 -0.395941 
0.0146939 -0.983351 -0.181122 
-0.400077 -0.171791 0.900237 
-0.733423 -0.243047 4.26547
0.342084 -1 -1
-0.306073 -1 -1
1.39629 -1 -1
0.0614886 -1 -1
-0.247928 -1 -1
0.20558 -1 -1
0.715261 -1 -1
-0.153754 -1 -1
-0.0111086 -1 -1
0.155885 -1 -1
44 0 -1
-0.917517 0.0446465 -0.395182 
0.0354534 -0.98054 -0.193093 
-0.396112 -0.191176 0.898079 
-0.713911 -0.238976 4.3021
0.181783 -1 -1
0.0262305 -1 -1
1.14369 -1 -1
0.141858 -1 -1
-0.0829848 -1 -1
0.164041 -1 -1
0.0156689 -1 -1
0.0409078 -1 -1
0.0664611 -1 -1
0.0209842 -1 -1
45 0 -1
-0.920834 0.0453062 -0.387315 
0.0366277 -0.978788 -0.201575 
-0.388232 -0.199804 0.899641 
-0.700171 -0.249374 4.30792
0.231687 -1 -1
-0.0141567 -1 -1
1.1809 -1 -1
0.122715 -1 -1
-0.0840865 -1 -1
0.20694 -1 -1
0.171061 -1 -1
0.0346577 -1 -1
0.0701891 -1 -1
0.0507414 -1 -1
46 0 -1
-0.92172 0.0364227 -0.386142 
0.0425397 -0.980081 -0.193988 
-0.385516 -0.195229 0.901811 
-0.684577 -0.248646 4.30594
0.191785 -1 -1
0.0505274 -1 -1
1.14314 -1 -1
0.142536 -1 -1
-0.0577333 -1 -1
0.145115 -1 -1
0.0619307 -1 -1
0.0241135 -1 -1
0.0730548 -1 -1
0.0451981 -1 -1
47 0 -1
-0.920224 0.0460376 -0.388676 
0.0347217 -0.97954 -0.19823 
-0.38985 -0.195912 0.899797 
-0.683591 -0.25689 4.31381
0.300293 -1 -1
-0.26243 -1 -1
1.31881 -1 -1
0.0640628 -1 -1
-0.220901 -1 -1
0.196637 -1 -1
0.633792 -1 -1
-0.0796427 -1 -1
-0.00715767 -1 -1
0.132665 -1 -1
48 0 -1
-0.920809 0.0443842 -0.387481 
0.0337831 -0.980693 -0.192616 
-0.388549 -0.190453 0.901531 
-0.679396 -0.269071 4.30758
0.240857 -1 -1
-0.221337 -1 -1
1.30958 -1 -1
0.10532 -1 -1
-0.183556 -1 -1
0.120478 -1 -1
0.488266 -1 -1
-0.0284678 -1 -1
-0.0350586 -1 -1
0.0931052 -1 -1
49 0 -1
-0.92324 0.0464056 -0.381411 
0.0303791 -0.980756 -0.192862 
-0.383021 -0.189645 0.904063 
-0.681172 -0.269572 4.30054
0.101026 -1 -1
-0.25479 -1 -1
1.42632 -1 -1
0.16617 -1 -1
-0.0628808 -1 -1
-0.136051 -1 -1
0.340575 -1 -1
0.224034 -1 -1
-0.0434722 -1 -1
0.0943693 -1 -1
50 0 -1
-0.923111 0.0308027 -0.383299 
0.0473635 -0.980089 -0.192829 
-0.381606 -0.196157 0.903271 
-0.673329 -0.260565 4.30061
0.23556 -1 -1
-0.0840291 -1 -1
1.19574 -1 -1
0.13935 -1 -1
-0.139411 -1 -1
0.187893 -1 -1
0.306456 -1 -1
0.0114074 -1 -1
0.00485543 -1 -1
0.0400119 -1 -1
51 0 -1
-0.921319 0.0381683 -0.38693 
0.040088 -0.980541 -0.192178 
-0.386736 -0.192568 0.901861 
-0.68259 -0.266841 4.31322
0.17602 -1 -1
0.0480664 -1 -1
1.07943 -1 -1
0.152201 -1 -1
-0.0908576 -1 -1
0.149615 -1 -1
0.0348885 -1 -1
0.0228355 -1 -1
0.0322975 -1 -1
-0.000927862 -1 -1
52 0 -1
-0.922896 0.0399706 -0.382968 
0.0369326 -0.980823 -0.191371 
-0.383273 -0.19076 0.903721 
-0.695648 -0.281829 4.30073
0.326388 -1 -1
-0.247574 -1 -1
1.38274 -1 -1
0.0699701 -1 -1
-0.176381 -1 -1
0.182468 -1 -1
0.695112 -1 -1
-0.0956758 -1 -1
-0.033265 -1 -1
0.132221 -1 -1
53 0 -1
-0.920061 0.044624 -0.389224 
0.0378255 -0.978733 -0.201623 
-0.389944 -0.200228 0.898806 
-0.692715 -0.264534 4.28946
0.192708 -1 -1
0.0484095 -1 -1
1.13333 -1 -1
0.157771 -1 -1
-0.0668939 -1 -1
0.152387 -1 -1
0.052878 -1 -1
0.0132669 -1 -1
0.0579354 -1 -1
0.0219516 -1 -1
54 0 -1
-0.917072 0.0543778 -0.394996 
0.0295747 -0.978651 -0.203392 
-0.397623 -0.198207 0.895885 
-0.694143 -0.288334 4.28955
0.217448 -1 -1
-0.0157624 -1 -1
1.17318 -1 -1
0.137365 -1 -1
-0.105521 -1 -1
0.152677 -1 -1
0.168478 -1 -1
-0.0202781 -1 -1
0.0505127 -1 -1
0.0511861 -1 -1
55 0 -1
-0.915078 0.0583598 -0.399031 
0.0296821 -0.977043 -0.210964 
-0.402183 -0.204893 0.892338 
-0.703432 -0.279388 4.28151
0.291694 -1 -1
-0.172853 -1 -1
1.26511 -1 -1
0.0933871 -1 -1
-0.202166 -1 -1
0.212035 -1 -1
0.474412 -1 -1
-0.0652766 -1 -1
0.0316162 -1 -1
0.0988441 -1 -1
56 0 -1
-0.914617 0.0563864 -0.400369 
0.0306093 -0.97773 -0.207625 
-0.40316 -0.202152 0.892523 
-0.712296 -0.265209 4.28363
0.267905 -1 -1
-0.17928 -1 -1
1.36603 -1 -1
0.126364 -1 -1
-0.0725482 -1 -1
0.175014 -1 -1
0.508441 -1 -1
0.101819 -1 -1
0.0458716 -1 -1
0.125014 -1 -1
57 0 -1
-0.916306 0.0574844 -0.396331 
0.0273678 -0.978343 -0.205174 
-0.399542 -0.198849 0.894888 
-0.723132 -0.268238 4.27021
0.361128 -1 -1
-0.35841 -1 -1
1.35386 -1 -1
0.10394 -1 -1
-0.294932 -1 -1
0.163406 -1 -1
0.833261 -1 -1
-0.261967 -1 -1
-0.102379 -1 -1
0.131797 -1 -1
58 0 -1
-0.912533 0.0512148 -0.405785 
0.0416687 -0.975326 -0.216802 
-0.406876 -0.214748 0.887883 
-0.740074 -0.251968 4.29233
0.0931799 -1 -1
0.10638 -1 -1
0.899218 -1 -1
0.167652 -1 -1
-0.0888439 -1 -1
0.0686876 -1 -1
-0.267868 -1 -1
0.0663797 -1 -1
0.159346 -1 -1
-0.00345822 -1 -1
59 0 -1
-0.913646 0.0767447 -0.399201 
0.017476 -0.973695 -0.227186 
-0.406135 -0.214544 0.888271 
-0.819617 -0.285957 4.28537
0.684373 -1 -1
0.550876 -1 -1
1.95917 -1 -1
-0.975377 -1 -1
0.522874 -1 -1
-0.601484 -1 -1
2.21957 -1 -1
0.590896 -1 -1
-0.510534 -1 -1
-0.0879774 -1 -1
60 0 -1
-0.932299 0.0572505 -0.357128 
0.021829 -0.976687 -0.213557 
-0.361028 -0.206894 0.909315 
-0.744026 -0.255992 4.31554
0.262111 -1 -1
0.160655 -1 -1
1.56048 -1 -1
0.230073 -1 -1
0.00315158 -1 -1
0.200936 -1 -1
-0.0528745 -1 -1
-0.0142473 -1 -1
0.0279373 -1 -1
0.016844 -1 -1
61 0 -1
-0.924675 0.0610588 -0.375829 
0.0225335 -0.976553 -0.214096 
-0.380089 -0.206438 0.901618 
-0.744522 -0.243091 4.30561
0.277207 -1 -1
0.0973061 -1 -1
1.57845 -1 -1
0.242382 -1 -1
-0.0581543 -1 -1
0.263599 -1 -1
-0.0419311 -1 -1
-0.0333647 -1 -1
0.02197 -1 -1
-0.00902319 -1 -1
62 0 -1
-0.919011 0.0634166 -0.389097 
0.0211251 -0.977637 -0.209235 
-0.393665 -0.200509 0.89712 
-0.759437 -0.253155 4.29182
0.405997 -1 -1
-0.119268 -1 -1
1.7749 -1 -1
0.192835 -1 -1
-0.150159 -1 -1
0.337832 -1 -1
0.44412 -1 -1
-0.0840407 -1 -1
0.0171869 -1 -1
0.0877741 -1 -1
63 0 -1
-0.913663 0.05773 -0.402351 
0.0272028 -0.978959 -0.202235 
-0.405561 -0.19572 0.892869 
-0.777325 -0.251596 4.29602
0.354208 -1 -1
0.0166294 -1 -1
1.6457 -1 -1
0.219101 -1 -1
-0.0856849 -1 -1
0.326721 -1 -1
0.212691 -1 -1
-0.0579805 -1 -1
0.0251364 -1 -1
0.0174178 -1 -1
64 0 -1
-0.908209 0.0539004 -0.415032 
0.034299 -0.97875 -0.202167 
-0.417109 -0.197845 0.887061 
-0.792906 -0.247904 4.30075
0.266352 -1 -1
0.106101 -1 -1
1.55074 -1 -1
0.245595 -1 -1
-0.0327413 -1 -1
0.260887 -1 -1
-0.0313052 -1 -1
0.0589001 -1 -1
0.0373181 -1 -1
-0.0225508 -1 -1
65 0 -1
-0.906915 0.0464298 -0.418748 
0.0410132 -0.979459 -0.197426 
-0.419313 -0.196223 0.886382 
-0.807413 -0.243547 4.28969
0.265164 -1 -1
0.116225 -1 -1
1.54124 -1 -1
0.250485 -1 -1
-0.0152321 -1 -1
0.273611 -1 -1
-0.0401963 -1 -1
0.0530364 -1 -1
0.0401277 -1 -1
-0.0323619 -1 -1
66 0 -1
-0.905744 0.0480842 -0.421089 
0.0399531 -0.979432 -0.197779 
-0.421938 -0.195961 0.885193 
-0.822411 -0.237753 4.277
0.284115 -1 -1
0.041018 -1 -1
1.53495 -1 -1
0.198667 -1 -1
-0.124042 -1 -1
0.245405 -1 -1
0.0707666 -1 -1
-0.114924 -1 -1
0.0236357 -1 -1
-0.00268257 -1 -1
67 0 -1
-0.905733 0.0545662 -0.420322 
0.0328406 -0.979663 -0.197946 
-0.422575 -0.19309 0.88552 
-0.840322 -0.220913 4.27568
0.266859 -1 -1
0.0939006 -1 -1
1.50376 -1 -1
0.216598 -1 -1
-0.0702148 -1 -1
0.207471 -1 -1
0.0654478 -1 -1
-0.0835835 -1 -1
0.0260446 -1 -1
-0.00722588 -1 -1
68 0 -1
-0.900629 0.0511899 -0.431563 
0.0430378 -0.977651 -0.20578 
-0.432452 -0.203905 0.878299 
-0.843514 -0.214616 4.25593
0.256528 -1 -1
0.100505 -1 -1
1.49599 -1 -1
0.239586 -1 -1
-0.0553863 -1 -1
0.233261 -1 -1
0.0102695 -1 -1
-0.016203 -1 -1
0.0665199 -1 -1
0.000893924 -1 -1
69 0 -1
-0.901277 0.0525525 -0.430045 
0.0401598 -0.978208 -0.203705 
-0.431379 -0.200865 0.879526 
-0.859522 -0.226281 4.26947
0.250732 -1 -1
0.103443 -1 -1
1.45553 -1 -1
0.214314 -1 -1
-0.0666457 -1 -1
0.206386 -1 -1
0.077758 -1 -1
-0.073012 -1 -1
0.0239385 -1 -1
-0.0137849 -1 -1
70 0 -1
-0.899244 0.0481728 -0.434786 
0.0515017 -0.975347 -0.214583 
-0.434404 -0.215355 0.874594 
-0.871933 -0.213863 4.27141
0.24267 -1 -1
0.137219 -1 -1
1.45629 -1 -1
0.23344 -1 -1
-0.0279549 -1 -1
0.225586 -1 -1
-0.00275745 -1 -1
0.0247294 -1 -1
0.0692481 -1 -1
-0.00998549 -1 -1
71 0 -1
-0.895931 0.0497142 -0.441402 
0.0471771 -0.977447 -0.205845 
-0.44168 -0.205247 0.87338 
-0.874932 -0.211701 4.26291
0.239569 -1 -1
0.165145 -1 -1
1.45966 -1 -1
0.251335 -1 -1
0.0030939 -1 -1
0.222419 -1 -1
-0.0238631 -1 -1
-0.000640689 -1 -1
0.0529228 -1 -1
-0.0142398 -1 -1
72 0 -1
-0.894563 0.0570155 -0.44329 
0.0412172 -0.977079 -0.208847 
-0.445037 -0.205098 0.871709 
-0.886327 -0.214081 4.25812
0.239971 -1 -1
0.144198 -1 -1
1.44782 -1 -1
0.240053 -1 -1
-0.025977 -1 -1
0.225095 -1 -1
-0.00558642 -1 -1
-0.0817779 -1 -1
0.0183896 -1 -1
-0.0269638 -1 -1
73 0 -1
-0.892235 0.0581482 -0.447812 
0.0397646 -0.977705 -0.206183 
-0.449817 -0.201771 0.870031 
-0.891676 -0.201272 4.25264
0.232757 -1 -1
0.192645 -1 -1
1.44128 -1 -1
0.267501 -1 -1
0.00289162 -1 -1
0.221708 -1 -1
-0.0830022 -1 -1
0.0115579 -1 -1
0.0688668 -1 -1
-0.0198411 -1 -1
74 0 -1
-0.894809 0.0555505 -0.44298 
0.0406522 -0.977969 -0.204756 
-0.444595 -0.201225 0.872837 
-0.89573 -0.20593 4.25096
0.139347 -1 -1
-0.339611 -1 -1
1.92015 -1 -1
0.229624 -1 -1
-0.0584929 -1 -1
-0.180909 -1 -1
0.491772 -1 -1
0.243782 -1 -1
-0.0615172 -1 -1
0.136318 -1 -1
75 0 -1
-0.894366 0.0498876 -0.444545 
0.0514626 -0.97569 -0.213029 
-0.444366 -0.213404 0.870056 
-0.898667 -0.182117 4.25698
0.230463 -1 -1
0.115826 -1 -1
1.40281 -1 -1
0.234556 -1 -1
-0.0627441 -1 -1
0.24026 -1 -1
0.00317216 -1 -1
-0.0495863 -1 -1
0.0201637 -1 -1
-0.0396799 -1 -1
76 0 -1
-0.893181 0.054912 -0.446333 
0.0461273 -0.976094 -0.212396 
-0.447326 -0.210296 0.869296 
-0.900836 -0.192083 4.25118
0.328471 -1 -1
-0.0756236 -1 -1
1.57303 -1 -1
0.188732 -1 -1
-0.143382 -1 -1
0.256091 -1 -1
0.415336 -1 -1
-0.107937 -1 -1
0.00960948 -1 -1
0.0669509 -1 -1
77 0 -1
-0.892594 0.0647462 -0.446187 
0.0355294 -0.976456 -0.21277 
-0.449458 -0.20577 0.869279 
-0.905075 -0.190253 4.24096
0.281727 -1 -1
-0.0122026 -1 -1
1.57728 -1 -1
0.245786 -1 -1
-0.0622709 -1 -1
0.20947 -1 -1
0.259121 -1 -1
-0.0220445 -1 -1
0.0122452 -1 -1
0.0583533 -1 -1
78 0 -1
-0.891238 0.0713783 -0.447884 
0.0306806 -0.975787 -0.21656 
-0.452497 -0.206748 0.867469 
-0.903008 -0.17844 4.25163
0.385072 -1 -1
-0.202991 -1 -1
1.65883 -1 -1
0.142175 -1 -1
-0.189606 -1 -1
0.29451 -1 -1
0.648627 -1 -1
-0.0831832 -1 -1
0.0595302 -1 -1
0.161455 -1 -1
79 0 -1
-0.888306 0.0594436 -0.455388 
0.0421926 -0.976831 -0.209813 
-0.457309 -0.205592 0.865217 
-0.892474 -0.177393 4.25917
0.245412 -1 -1
0.132707 -1 -1
1.38784 -1 -1
0.24846 -1 -1
-0.0583738 -1 -1
0.246394 -1 -1
-0.0196827 -1 -1
-0.0777299 -1 -1
0.034611 -1 -1
-0.0254583 -1 -1
80 0 -1
-0.891715 0.0597007 -0.448642 
0.0415824 -0.976263 -0.21256 
-0.450683 -0.208198 0.868066 
-0.890371 -0.16801 4.24839
0.237197 -1 -1
0.142758 -1 -1
1.37148 -1 -1
0.27029 -1 -1
-0.0387391 -1 -1
0.255047 -1 -1
-0.0313214 -1 -1
-0.0516505 -1 -1
0.0203566 -1 -1
-0.0427971 -1 -1
81 0 -1
-0.889031 0.0608177 -0.45379 
0.0420023 -0.976125 -0.21311 
-0.455917 -0.208521 0.865251 
-0.882468 -0.172647 4.25678
0.23218 -1 -1
0.1234 -1 -1
1.36627 -1 -1
0.263047 -1 -1
-0.0606232 -1 -1
0.241965 -1 -1
-0.0285456 -1 -1
-0.0357619 -1 -1
0.0407425 -1 -1
-0.028263 -1 -1
82 0 -1
-0.892931 0.0643535 -0.44557 
0.0373015 -0.975751 -0.21568 
-0.448646 -0.209208 0.868878 
-0.880267 -0.17904 4.2428
0.227935 -1 -1
0.146838 -1 -1
1.34693 -1 -1
0.257439 -1 -1
-0.0574804 -1 -1
0.233782 -1 -1
-0.0173117 -1 -1
-0.0518772 -1 -1
0.0444211 -1 -1
-0.0145155 -1 -1
83 0 -1
-0.892758 0.0743085 -0.444366 
0.0281659 -0.97517 -0.219659 
-0.449655 -0.208618 0.868498 
-0.875488 -0.162088 4.23619
0.237304 -1 -1
0.0640061 -1 -1
1.35153 -1 -1
0.197656 -1 -1
-0.153478 -1 -1
0.222351 -1 -1
0.100055 -1 -1
-0.182958 -1 -1
0.0217976 -1 -1
-0.026333 -1 -1
84 0 -1
-0.895711 0.0762845 -0.438044 
0.0261723 -0.974419 -0.22321 
-0.443866 -0.211396 0.870801 
-0.868113 -0.153113 4.24266
0.237766 -1 -1
0.044872 -1 -1
1.33479 -1 -1
0.206795 -1 -1
-0.169514 -1 -1
0.21177 -1 -1
0.0958996 -1 -1
-0.188766 -1 -1
0.0126103 -1 -1
-0.0267199 -1 -1
85 0 -1
-0.900208 0.0734551 -0.429219 
0.0309392 -0.97239 -0.231301 
-0.434359 -0.221499 0.873081 
-0.862053 -0.153295 4.21516
0.229067 -1 -1
0.0471819 -1 -1
1.29324 -1 -1
0.235492 -1 -1
-0.178715 -1 -1
0.203462 -1 -1
0.0765496 -1 -1
-0.216086 -1 -1
0.00851768 -1 -1
-0.00886439 -1 -1
86 0 -1
-0.901242 0.0740074 -0.426949 
0.0362982 -0.96895 -0.244579 
-0.431793 -0.235923 0.870572 
-0.858482 -0.164061 4.21782
0.228371 -1 -1
0.0429514 -1 -1
1.25895 -1 -1
0.221346 -1 -1
-0.167633 -1 -1
0.203412 -1 -1
0.111582 -1 -1
-0.226814 -1 -1
-0.0132263 -1 -1
-0.0218449 -1 -1
87 0 -1
-0.90018 0.0772887 -0.428606 
0.03325 -0.969059 -0.244579 
-0.434248 -0.234417 0.869757 
-0.85676 -0.15204 4.22721
0.224831 -1 -1
0.0394182 -1 -1
1.2401 -1 -1
0.209705 -1 -1
-0.168641 -1 -1
0.192345 -1 -1
0.126469 -1 -1
-0.210652 -1 -1
0.00391746 -1 -1
-0.00390611 -1 -1
88 0 -1
-0.900155 0.0663298 -0.430489 
0.0442923 -0.969274 -0.241962 
-0.433311 -0.23687 0.86956 
-0.849128 -0.147724 4.2275
0.216363 -1 -1
0.0600856 -1 -1
1.21223 -1 -1
0.236244 -1 -1
-0.143882 -1 -1
0.200828 -1 -1
0.104664 -1 -1
-0.161404 -1 -1
-0.00876899 -1 -1
-0.0196848 -1 -1
89 0 -1
-0.900835 0.0677687 -0.42884 
0.0447715 -0.967977 -0.247016 
-0.431847 -0.241721 0.868953 
-0.843222 -0.144497 4.22378
0.217603 -1 -1
0.053804 -1 -1
1.21756 -1 -1
0.225752 -1 -1
-0.155201 -1 -1
0.200935 -1 -1
0.100179 -1 -1
-0.148688 -1 -1
0.0278713 -1 -1
-0.0108635 -1 -1
90 0 -1
-0.90403 0.0692862 -0.421816 
0.0432552 -0.966885 -0.251522 
-0.425274 -0.245629 0.871096 
-0.838468 -0.141502 4.21112
0.207072 -1 -1
0.0983388 -1 -1
1.20716 -1 -1
0.266239 -1 -1
-0.110316 -1 -1
0.212973 -1 -1
0.0220184 -1 -1
-0.0890027 -1 -1
0.0350362 -1 -1
-0.0150413 -1 -1
91 0 -1
-0.904378 0.071532 -0.420695 
0.0390236 -0.967856 -0.248457 
-0.424945 -0.241116 0.872516 
-0.836014 -0.150476 4.1998
0.210013 -1 -1
0.111849 -1 -1
1.17995 -1 -1
0.258595 -1 -1
-0.120114 -1 -1
0.210407 -1 -1
0.0170932 -1 -1
-0.138776 -1 -1
0.0410606 -1 -1
-0.0174214 -1 -1
92 0 -1
-0.902574 0.0759908 -0.423776 
0.0386223 -0.966041 -0.255488 
-0.4288 -0.246964 0.868988 
-0.819323 -0.143994 4.19946
0.210797 -1 -1
0.0773061 -1 -1
1.17871 -1 -1
0.253576 -1 -1
-0.138197 -1 -1
0.202975 -1 -1
0.0365845 -1 -1
-0.136116 -1 -1
0.0456996 -1 -1
0.00168867 -1 -1
93 0 -1
-0.906792 0.0741346 -0.415009 
0.036559 -0.96688 -0.252598 
-0.419991 -0.244227 0.874049 
-0.822676 -0.144151 4.20406
0.199213 -1 -1
0.110864 -1 -1
1.1608 -1 -1
0.273304 -1 -1
-0.101236 -1 -1
0.198138 -1 -1
0.00695534 -1 -1
-0.0784296 -1 -1
0.0475456 -1 -1
-0.0058144 -1 -1
94 0 -1
-0.904862 0.0725177 -0.419483 
0.0405967 -0.966194 -0.2546 
-0.423765 -0.247408 0.871328 
-0.810562 -0.134431 4.19811
0.205896 -1 -1
0.0682526 -1 -1
1.14727 -1 -1
0.248996 -1 -1
-0.144094 -1 -1
0.203444 -1 -1
0.0654722 -1 -1
-0.124254 -1 -1
0.0325299 -1 -1
-0.0141495 -1 -1
95 0 -1
-0.904872 0.0665625 -0.420448 
0.0443613 -0.967576 -0.248653 
-0.423366 -0.243651 0.87258 
-0.797353 -0.140414 4.20154
0.197252 -1 -1
0.0653819 -1 -1
1.16783 -1 -1
0.249354 -1 -1
-0.118702 -1 -1
0.186485 -1 -1
0.0669724 -1 -1
-0.0571644 -1 -1
0.0714238 -1 -1
0.0102854 -1 -1
96 0 -1
-0.907921 0.0634188 -0.414316 
0.0426166 -0.969396 -0.241773 
-0.416969 -0.237168 0.877433 
-0.795952 -0.158514 4.21199
0.189282 -1 -1
0.0385793 -1 -1
1.12873 -1 -1
0.250272 -1 -1
-0.132947 -1 -1
0.193529 -1 -1
0.0943291 -1 -1
-0.132815 -1 -1
-0.024495 -1 -1
-0.0280608 -1 -1
97 0 -1
-0.904613 0.0652668 -0.421207 
0.0435171 -0.968901 -0.243593 
-0.424006 -0.238687 0.87364 
-0.785376 -0.132593 4.21185
0.193181 -1 -1
0.00781655 -1 -1
1.1271 -1 -1
0.202608 -1 -1
-0.190685 -1 -1
0.189399 -1 -1
0.12009 -1 -1
-0.143314 -1 -1
0.0511704 -1 -1
0.0142894 -1 -1
98 0 -1
-0.909086 0.0639119 -0.411678 
0.0380892 -0.971273 -0.234898 
-0.414864 -0.229223 0.880537 
-0.786636 -0.13241 4.20385
0.171357 -1 -1
0.0766323 -1 -1
1.10702 -1 -1
0.240579 -1 -1
-0.100869 -1 -1
0.210379 -1 -1
0.0463749 -1 -1
-0.0755933 -1 -1
0.0219854 -1 -1
-0.0184874 -1 -1
99 0 -1
-0.90504 0.058456 -0.421291 
0.0419387 -0.973419 -0.225161 
-0.423254 -0.221448 0.878531 
-0.772965 -0.140653 4.16708
0.169163 -1 -1
0.0874263 -1 -1
1.11114 -1 -1
0.249972 -1 -1
-0.115926 -1 -1
0.219119 -1 -1
0.0348278 -1 -1
-0.0526032 -1 -1
0.0637133 -1 -1
-0.00655883 -1 -1
100 0 -1
-0.907449 0.0654537 -0.415032 
0.0324416 -0.973928 -0.224528 
-0.418908 -0.217212 0.881666 
-0.779445 -0.144163 4.16928
0.165967 -1 -1
0.0902676 -1 -1
1.09968 -1 -1
0.248194 -1 -1
-0.121379 -1 -1
0.195386 -1 -1
0.0352455 -1 -1
-0.126014 -1 -1
0.0428005 -1 -1
0.00328993 -1 -1
101 0 -1
-0.910976 0.0667241 -0.407026 
0.0335872 -0.97155 -0.234439 
-0.411089 -0.22724 0.882818 
-0.782008 -0.132986 4.15296
0.157222 -1 -1
0.0659055 -1 -1
1.07996 -1 -1
0.250131 -1 -1
-0.161344 -1 -1
0.220123 -1 -1
0.0232371 -1 -1
-0.105751 -1 -1
0.0684369 -1 -1
0.0106543 -1 -1
102 0 -1
-0.914618 0.0763227 -0.397051 
0.0225197 -0.970881 -0.238501 
-0.403692 -0.227079 0.886266 
-0.786736 -0.138768 4.14654
0.154465 -1 -1
0.0273166 -1 -1
1.0438 -1 -1
0.249353 -1 -1
-0.200402 -1 -1
0.218946 -1 -1
0.0679582 -1 -1
-0.166844 -1 -1
0.0167775 -1 -1
-0.013693 -1 -1
103 0 -1
-0.91321 0.0779879 -0.399957 
0.0228004 -0.970198 -0.241239 
-0.406851 -0.229421 0.884216 
-0.784194 -0.128948 4.15654
0.156857 -1 -1
0.00595111 -1 -1
1.04717 -1 -1
0.221989 -1 -1
-0.23398 -1 -1
0.191058 -1 -1
0.0833444 -1 -1
-0.196293 -1 -1
0.0446439 -1 -1
0.0105724 -1 -1
104 0 -1
-0.914533 0.0730256 -0.397865 
0.0302687 -0.968458 -0.24733 
-0.403377 -0.238235 0.883477 
-0.782287 -0.118007 4.13978
0.153566 -1 -1
0.0219465 -1 -1
1.0415 -1 -1
0.240803 -1 -1
-0.209142 -1 -1
0.205197 -1 -1
0.0734311 -1 -1
-0.227672 -1 -1
0.00789444 -1 -1
-0.0054671 -1 -1
105 0 -1
-0.913636 0.0733978 -0.399852 
0.0287947 -0.969413 -0.243742 
-0.405512 -0.234205 0.883577 
-0.77799 -0.125442 4.1293
0.146602 -1 -1
0.0452198 -1 -1
1.04519 -1 -1
0.243627 -1 -1
-0.181711 -1 -1
0.214335 -1 -1
0.0534866 -1 -1
-0.171465 -1 -1
0.0424333 -1 -1
-0.00619105 -1 -1
106 0 -1
-0.914292 0.076115 -0.397841 
0.0260831 -0.969084 -0.245348 
-0.404216 -0.234696 0.88404 
-0.780194 -0.127553 4.11452
0.139456 -1 -1
0.0678282 -1 -1
1.04896 -1 -1
0.284752 -1 -1
-0.168994 -1 -1
0.22062 -1 -1
-0.00931477 -1 -1
-0.158258 -1 -1
0.0298771 -1 -1
-0.0139512 -1 -1
107 0 -1
-0.920656 0.0691475 -0.384202 
0.0272441 -0.970406 -0.239936 
-0.389423 -0.231365 0.891527 
-0.784602 -0.115865 4.11646
0.128931 -1 -1
0.111908 -1 -1
1.02846 -1 -1
0.297211 -1 -1
-0.119417 -1 -1
0.217002 -1 -1
-0.0397903 -1 -1
-0.119965 -1 -1
0.0318654 -1 -1
-0.0206907 -1 -1
108 0 -1
-0.916777 0.0750485 -0.392285 
0.0234298 -0.97039 -0.240403 
-0.398711 -0.229587 0.887873 
-0.776405 -0.109132 4.10748
0.132545 -1 -1
0.0768066 -1 -1
1.00961 -1 -1
0.282882 -1 -1
-0.155608 -1 -1
0.22433 -1 -1
-0.0119558 -1 -1
-0.127163 -1 -1
0.0342727 -1 -1
-0.0295928 -1 -1
109 0 -1
-0.916853 0.0754469 -0.392032 
0.0215021 -0.971223 -0.2372 
-0.398646 -0.225907 0.888846 
-0.7751 -0.106869 4.08986
0.128761 -1 -1
0.0966013 -1 -1
0.992639 -1 -1
0.281003 -1 -1
-0.142199 -1 -1
0.229392 -1 -1
-0.015242 -1 -1
-0.103915 -1 -1
0.054964 -1 -1
-0.0124598 -1 -1
110 0 -1
-0.918612 0.073859 -0.388197 
0.0240145 -0.970127 -0.241405 
-0.39443 -0.23108 0.889397 
-0.770226 -0.100677 4.08312
0.122612 -1 -1
0.0934704 -1 -1
0.984171 -1 -1
0.305357 -1 -1
-0.138971 -1 -1
0.23529 -1 -1
-0.0374079 -1 -1
-0.112155 -1 -1
0.0263397 -1 -1
-0.0299048 -1 -1
111 0 -1
-0.917683 0.0742501 -0.390315 
0.0191663 -0.972966 -0.230151 
-0.396852 -0.218687 0.891451 
-0.772196 -0.087587 4.10834
0.129954 -1 -1
0.0762205 -1 -1
0.988221 -1 -1
0.268935 -1 -1
-0.169861 -1 -1
0.192023 -1 -1
0.00361335 -1 -1
-0.195253 -1 -1
0.0343171 -1 -1
0.00278252 -1 -1
112 0 -1
-0.91919 0.073613 -0.386874 
0.0189086 -0.972992 -0.230063 
-0.393361 -0.218787 0.892972 
-0.770662 -0.0981038 4.0842
0.131788 -1 -1
0.05562 -1 -1
0.978711 -1 -1
0.267624 -1 -1
-0.205742 -1 -1
0.189376 -1 -1
0.0294863 -1 -1
-0.239977 -1 -1
0.0277733 -1 -1
-2.48511e-05 -1 -1
113 0 -1
-0.921756 0.0763045 -0.380189 
0.021161 -0.969089 -0.245802 
-0.387193 -0.234614 0.891649 
-0.770105 -0.10002 4.05914
0.120893 -1 -1
0.0418259 -1 -1
0.955148 -1 -1
0.274241 -1 -1
-0.201529 -1 -1
0.218264 -1 -1
0.0192715 -1 -1
-0.211415 -1 -1
0.0248316 -1 -1
-0.00836989 -1 -1
114 0 -1
-0.921654 0.081049 -0.379454 
0.0107666 -0.972222 -0.233811 
-0.387864 -0.219579 0.89518 
-0.77332 -0.101864 4.0571
0.113974 -1 -1
0.0446205 -1 -1
0.959355 -1 -1
0.286078 -1 -1
-0.216718 -1 -1
0.193393 -1 -1
-0.0114043 -1 -1
-0.272201 -1 -1
0.0086063 -1 -1
-0.00856132 -1 -1
115 0 -1
-0.925146 0.075525 -0.372023 
0.0151934 -0.971857 -0.235081 
-0.379308 -0.223137 0.897962 
-0.77757 -0.095156 4.04505
0.107549 -1 -1
0.0628283 -1 -1
0.954186 -1 -1
0.295469 -1 -1
-0.209051 -1 -1
0.189748 -1 -1
-0.0286636 -1 -1
-0.27615 -1 -1
0.00842556 -1 -1
-0.00521127 -1 -1
116 0 -1
-0.92479 0.0790313 -0.37218 
0.0171993 -0.968506 -0.248396 
-0.38009 -0.236115 0.894305 
-0.777022 -0.0884992 4.03112
0.105769 -1 -1
0.0273938 -1 -1
0.874834 -1 -1
0.258847 -1 -1
-0.234629 -1 -1
0.211357 -1 -1
0.0250639 -1 -1
-0.216165 -1 -1
0.0211143 -1 -1
-0.0171243 -1 -1
117 0 -1
-0.921081 0.0814542 -0.380755 
0.0140132 -0.970306 -0.241475 
-0.389118 -0.227754 0.892589 
-0.782291 -0.0849782 4.03706
0.103509 -1 -1
0.0508794 -1 -1
0.884866 -1 -1
0.258518 -1 -1
-0.211717 -1 -1
0.189458 -1 -1
0.0106978 -1 -1
-0.232379 -1 -1
0.0369045 -1 -1
-0.00305957 -1 -1
118 0 -1
-0.919798 0.0746977 -0.385217 
0.019503 -0.971797 -0.23501 
-0.391907 -0.223675 0.8924 
-0.781117 -0.0772805 4.02336
0.0941658 -1 -1
0.089434 -1 -1
0.894493 -1 -1
0.295076 -1 -1
-0.165322 -1 -1
0.193648 -1 -1
-0.0463549 -1 -1
-0.208671 -1 -1
0.0296002 -1 -1
-0.00875341 -1 -1
119 0 -1
-0.920375 0.0815921 -0.382431 
0.0146993 -0.970079 -0.242344 
-0.390761 -0.228668 0.891637 
-0.788427 -0.0638128 4.00748
0.0923828 -1 -1
0.071813 -1 -1
0.867754 -1 -1
0.28299 -1 -1
-0.179081 -1 -1
0.193764 -1 -1
-0.0221072 -1 -1
-0.210003 -1 -1
0.0368786 -1 -1
-0.00220526 -1 -1
120 0 -1
-0.92294 0.0733786 -0.377886 
0.0218894 -0.970071 -0.241832 
-0.384322 -0.231468 0.893711 
-0.789932 -0.053622 3.99411
0.147186 -1 -1
-0.146842 -1 -1
1.05827 -1 -1
0.254542 -1 -1
-0.202471 -1 -1
0.194094 -1 -1
0.361646 -1 -1
-0.090157 -1 -1
0.0222532 -1 -1
0.0898027 -1 -1
121 0 -1
-0.921991 0.0663135 -0.381491 
0.0264485 -0.97214 -0.232905 
-0.386307 -0.224826 0.89455 
-0.785118 -0.0658128 3.9789
0.101286 -1 -1
-0.00997301 -1 -1
0.893367 -1 -1
0.271126 -1 -1
-0.246027 -1 -1
0.194336 -1 -1
0.0875371 -1 -1
-0.309046 -1 -1
-0.0203681 -1 -1
-0.000680888 -1 -1
122 0 -1
-0.92095 0.0669469 -0.383886 
0.030321 -0.969834 -0.241872 
-0.388499 -0.234392 0.891139 
-0.777908 -0.0600843 3.95793
0.092851 -1 -1
0.0113372 -1 -1
0.868308 -1 -1
0.267007 -1 -1
-0.222571 -1 -1
0.213529 -1 -1
0.0579513 -1 -1
-0.233985 -1 -1
0.0183882 -1 -1
-0.010623 -1 -1
123 0 -1
-0.922882 0.0756572 -0.377579 
0.0207192 -0.969334 -0.244872 
-0.384526 -0.233811 0.893013 
-0.785685 -0.0518664 3.94458
0.133876 -1 -1
-0.235868 -1 -1
1.12239 -1 -1
0.233485 -1 -1
-0.223306 -1 -1
0.15767 -1 -1
0.471672 -1 -1
-0.0934156 -1 -1
0.0140195 -1 -1
0.124344 -1 -1
124 0 -1
-0.925636 0.0781191 -0.370263 
0.01222 -0.971779 -0.235578 
-0.378217 -0.222584 0.898559 
-0.787628 -0.0432832 3.92693
0.0941212 -1 -1
-0.19594 -1 -1
1.10462 -1 -1
0.25839 -1 -1
-0.182004 -1 -1
0.118543 -1 -1
0.380225 -1 -1
-0.0341076 -1 -1
0.0281188 -1 -1
0.103413 -1 -1
125 0 -1
-0.923585 0.0575346 -0.379051 
0.0326433 -0.973285 -0.227269 
-0.382001 -0.222275 0.897033 
-0.77859 -0.0352612 3.91961
0.155657 -1 -1
-0.23947 -1 -1
1.05695 -1 -1
0.237533 -1 -1
-0.284759 -1 -1
0.229773 -1 -1
0.489889 -1 -1
-0.178883 -1 -1
-0.0345254 -1 -1
0.0665559 -1 -1
126 0 -1
-0.925311 0.061182 -0.374241 
0.0279895 -0.973187 -0.228304 
-0.378174 -0.221727 0.898789 
-0.791778 -0.0479315 3.91402
0.154306 -1 -1
-0.27536 -1 -1
1.07769 -1 -1
0.224613 -1 -1
-0.289932 -1 -1
0.219568 -1 -1
0.522848 -1 -1
-0.147109 -1 -1
-0.00773469 -1 -1
0.103245 -1 -1
127 0 -1
-0.927567 0.0581636 -0.369103 
0.0213085 -0.977969 -0.207658 
-0.37305 -0.200481 0.905892 
-0.792843 -0.0653794 3.9184
0.0253862 -1 -1
-0.428172 -1 -1
1.21711 -1 -1
0.261343 -1 -1
-0.284887 -1 -1
-0.0952989 -1 -1
0.511142 -1 -1
-0.0748223 -1 -1
-0.114493 -1 -1
0.100055 -1 -1
128 0 -1
-0.928287 0.0475213 -0.368817 
0.0326209 -0.977571 -0.208063 
-0.370432 -0.205173 0.905916 
-0.794128 -0.0541466 3.92117
0.174925 -1 -1
-0.299378 -1 -1
1.06158 -1 -1
0.203101 -1 -1
-0.337378 -1 -1
0.235592 -1 -1
0.592544 -1 -1
-0.205001 -1 -1
-0.041346 -1 -1
0.0902095 -1 -1
129 0 -1
-0.930203 0.0535457 -0.363118 
0.028841 -0.97558 -0.217742 
-0.36591 -0.213017 0.905944 
-0.803478 -0.0565795 3.89702
0.00671131 -1 -1
-0.463544 -1 -1
1.18781 -1 -1
0.272288 -1 -1
-0.2872 -1 -1
-0.100651 -1 -1
0.506386 -1 -1
-0.022186 -1 -1
-0.132252 -1 -1
0.0827142 -1 -1
130 0 -1
-0.93161 0.0569 -0.358979 
0.0289314 -0.972927 -0.229296 
-0.362307 -0.224 0.904742 
-0.81344 -0.0649555 3.89437
0.097812 -1 -1
-0.0423841 -1 -1
0.807159 -1 -1
0.290029 -1 -1
-0.276064 -1 -1
0.226902 -1 -1
0.0960888 -1 -1
-0.342173 -1 -1
-0.0401264 -1 -1
-0.0161166 -1 -1
131 0 -1
-0.928816 0.0584332 -0.365904 
0.0293457 -0.972786 -0.229841 
-0.369377 -0.224218 0.901824 
-0.815736 -0.0704299 3.89918
0.0863915 -1 -1
0.00773175 -1 -1
0.796924 -1 -1
0.311197 -1 -1
-0.226938 -1 -1
0.225431 -1 -1
0.0242169 -1 -1
-0.252727 -1 -1
-0.0108477 -1 -1
-0.0192051 -1 -1
132 0 -1
-0.930381 0.0523761 -0.362834 
0.0353221 -0.972329 -0.230931 
-0.364889 -0.22767 0.902786 
-0.828298 -0.053657 3.89091
-0.0649155 -1 -1
-0.370043 -1 -1
1.16435 -1 -1
0.309066 -1 -1
-0.179496 -1 -1
-0.188173 -1 -1
0.306933 -1 -1
0.0726239 -1 -1
-0.0905796 -1 -1
0.0797947 -1 -1
133 0 -1
-0.929529 0.0546036 -0.364683 
0.0303621 -0.974284 -0.223267 
-0.367497 -0.218606 0.903968 
-0.826902 -0.035546 3.88419
0.151195 -1 -1
-0.346154 -1 -1
0.96535 -1 -1
0.225085 -1 -1
-0.373367 -1 -1
0.190849 -1 -1
0.599227 -1 -1
-0.245859 -1 -1
-0.0892159 -1 -1
0.0814016 -1 -1
134 0 -1
-0.934211 0.0340245 -0.355094 
0.0453146 -0.976057 -0.212741 
-0.353831 -0.214836 0.910302 
-0.831898 -0.0512472 3.88844
0.175322 -1 -1
-0.475808 -1 -1
1.09616 -1 -1
0.238214 -1 -1
-0.40089 -1 -1
0.152632 -1 -1
0.579236 -1 -1
-0.268861 -1 -1
-0.0487386 -1 -1
0.112677 -1 -1
135 0 -1
-0.934971 0.0388684 -0.352588 
0.0363856 -0.978227 -0.204322 
-0.352853 -0.203865 0.9132 
-0.830634 -0.013219 3.88213
0.193801 -1 -1
-0.34202 -1 -1
0.924006 -1 -1
0.21868 -1 -1
-0.391503 -1 -1
0.295886 -1 -1
0.626235 -1 -1
-0.225239 -1 -1
-0.0772945 -1 -1
0.0709874 -1 -1
136 0 -1
-0.933323 0.0453068 -0.356169 
0.0252389 -0.981273 -0.190961 
-0.358151 -0.187218 0.914701 
-0.831033 -0.0160926 3.87528
0.195381 -1 -1
-0.271635 -1 -1
0.940093 -1 -1
0.241388 -1 -1
-0.32294 -1 -1
0.290389 -1 -1
0.573949 -1 -1
-0.213786 -1 -1
-0.100553 -1 -1
0.0504971 -1 -1
137 0 -1
-0.934826 0.0347178 -0.353404 
0.0332384 -0.982285 -0.184421 
-0.353546 -0.184148 0.917112 
-0.833234 -0.0517862 3.87978
-0.0579424 -1 -1
-0.567324 -1 -1
1.16775 -1 -1
0.269231 -1 -1
-0.280716 -1 -1
-0.230381 -1 -1
0.555995 -1 -1
0.1611 -1 -1
-0.132903 -1 -1
0.105363 -1 -1
138 0 -1
-0.934489 0.0333692 -0.354425 
0.0341936 -0.98258 -0.182666 
-0.354346 -0.182819 0.917069 
-0.82866 -0.0475338 3.87992
-0.0114136 -1 -1
-0.627647 -1 -1
1.14589 -1 -1
0.234366 -1 -1
-0.357941 -1 -1
-0.180439 -1 -1
0.66974 -1 -1
0.0541205 -1 -1
-0.134381 -1 -1
0.1229 -1 -1
139 0 -1
-0.93125 0.040973 -0.362069 
0.0296702 -0.981832 -0.18742 
-0.36317 -0.185278 0.913116 
-0.831771 -0.01795 3.8789
0.109955 -1 -1
-0.151821 -1 -1
0.7271 -1 -1
0.277657 -1 -1
-0.322481 -1 -1
0.25481 -1 -1
0.218331 -1 -1
-0.188554 -1 -1
-0.0195901 -1 -1
-0.00347088 -1 -1
140 0 -1
-0.925664 0.046994 -0.375417 
0.026633 -0.981701 -0.188557 
-0.377408 -0.184539 0.907474 
-0.82663 0.00958212 3.881
0.0897579 -1 -1
-0.0751668 -1 -1
0.669707 -1 -1
0.279895 -1 -1
-0.270507 -1 -1
0.248571 -1 -1
0.10449 -1 -1
-0.134824 -1 -1
0.0395183 -1 -1
-0.00480498 -1 -1
141 0 -1
-0.922696 0.0530618 -0.381859 
0.0237994 -0.980754 -0.193789 
-0.384793 -0.187897 0.903676 
-0.824044 0.0116551 3.88945
0.0837987 -1 -1
-0.0382658 -1 -1
0.664291 -1 -1
0.286217 -1 -1
-0.232601 -1 -1
0.256054 -1 -1
0.0664525 -1 -1
-0.10951 -1 -1
0.0424535 -1 -1
-0.01203 -1 -1
142 0 -1
-0.923382 0.0621644 -0.378817 
0.0113856 -0.981932 -0.188889 
-0.383715 -0.17873 0.90599 
-0.821437 -0.0240997 3.85952
0.0886731 -1 -1
-0.42794 -1 -1
0.99082 -1 -1
0.239564 -1 -1
-0.309018 -1 -1
0.0724278 -1 -1
0.598973 -1 -1
0.015929 -1 -1
-0.0254568 -1 -1
0.121564 -1 -1
143 0 -1
-0.919247 0.0544798 -0.389893 
0.025002 -0.9803 -0.195925 
